0	0
0	1
0	2
0	3
0	4
0	5
0	6
0	7
0	8
0	9
0	10
0	11
0	12
0	13
0	14
0	15
0	16
0	17
0	18
0	19
0	20
0	21
0	22
0	23
0	24
0	25
0	26
0	27
0	28
0	29
0	30
0	31
0	32
0	33
0	34
0	35
0	36
0	37
0	38
0	39
0	40
0	41
0	42
0	43
0	44
0	45
0	46
0	47
0	48
0	49
1	28
1	9
1	11
1	4
1	45
1	44
1	47
1	42
1	22
1	43
1	2
1	32
1	8
1	27
1	14
1	31
1	13
1	48
1	3
1	18
1	50
1	51
1	52
1	53
1	54
1	55
1	56
1	57
1	58
1	59
1	60
1	61
1	62
1	63
1	64
1	65
1	66
1	67
1	68
1	69
1	70
1	71
1	72
1	73
1	74
1	75
1	76
1	77
1	78
1	79
2	75
2	52
2	11
2	46
2	9
2	73
2	5
2	22
2	29
2	64
2	77
2	26
2	17
2	21
2	58
2	50
2	67
2	56
2	54
2	8
2	80
2	81
2	82
2	83
2	84
2	85
2	86
2	87
2	88
2	89
2	90
2	91
2	92
2	93
2	94
2	95
2	96
2	97
2	98
2	99
2	100
2	101
2	102
2	103
2	104
2	105
2	106
2	107
2	108
2	109
3	65
3	90
3	85
3	63
3	22
3	34
3	48
3	31
3	27
3	4
3	33
3	94
3	17
3	87
3	11
3	91
3	42
3	40
3	52
3	15
3	110
3	111
3	112
3	113
3	114
3	115
3	116
3	117
3	118
3	119
3	120
3	121
3	122
3	123
3	124
3	125
3	126
3	127
3	128
3	129
3	130
3	131
3	132
3	133
3	134
3	135
3	136
3	137
3	138
3	139
4	13
4	47
4	57
4	33
4	107
4	111
4	26
4	126
4	103
4	41
4	66
4	102
4	45
4	16
4	117
4	135
4	49
4	124
4	7
4	95
4	140
4	141
4	142
4	143
4	144
4	145
4	146
4	147
4	148
4	149
4	150
4	151
4	152
4	153
4	154
4	155
4	156
4	157
4	158
4	159
4	160
4	161
4	162
4	163
4	164
4	165
4	166
4	167
4	168
4	169
5	11
5	161
5	107
5	164
5	100
5	10
5	106
5	123
5	143
5	86
5	152
5	137
5	8
5	141
5	70
5	96
5	124
5	51
5	64
5	47
5	170
5	171
5	172
5	173
5	174
5	175
5	176
5	177
5	178
5	179
5	180
5	181
5	182
5	183
5	184
5	185
5	186
5	187
5	188
5	189
5	190
5	191
5	192
5	193
5	194
5	195
5	196
5	197
5	198
5	199
6	100
6	79
6	97
6	140
6	63
6	198
6	11
6	8
6	24
6	38
6	126
6	132
6	131
6	105
6	180
6	74
6	103
6	23
6	145
6	83
6	200
6	201
6	202
6	203
6	204
6	205
6	206
6	207
6	208
6	209
6	210
6	211
6	212
6	213
6	214
6	215
6	216
6	217
6	218
6	219
6	220
6	221
6	222
6	223
6	224
6	225
6	226
6	227
6	228
6	229
7	190
7	229
7	219
7	164
7	66
7	168
7	30
7	152
7	147
7	27
7	169
7	166
7	223
7	154
7	108
7	74
7	207
7	210
7	43
7	44
7	230
7	231
7	232
7	233
7	234
7	235
7	236
7	237
7	238
7	239
7	240
7	241
7	242
7	243
7	244
7	245
7	246
7	247
7	248
7	249
7	250
7	251
7	252
7	253
7	254
7	255
7	256
7	257
7	258
7	259
8	38
8	26
8	120
8	24
8	124
8	154
8	130
8	51
8	100
8	122
8	166
8	53
8	90
8	27
8	73
8	31
8	69
8	144
8	107
8	16
8	260
8	261
8	262
8	263
8	264
8	265
8	266
8	267
8	268
8	269
8	270
8	271
8	272
8	273
8	274
8	275
8	276
8	277
8	278
8	279
8	280
8	281
8	282
8	283
8	284
8	285
8	286
8	287
8	288
8	289
9	262
9	109
9	211
9	84
9	116
9	40
9	254
9	223
9	172
9	197
9	88
9	51
9	70
9	1
9	14
9	29
9	243
9	129
9	238
9	276
9	290
9	291
9	292
9	293
9	294
9	295
9	296
9	297
9	298
9	299
9	300
9	301
9	302
9	303
9	304
9	305
9	306
9	307
9	308
9	309
9	310
9	311
9	312
9	313
9	314
9	315
9	316
9	317
9	318
9	319
10	229
10	242
10	146
10	38
10	27
10	147
10	138
10	308
10	63
10	269
10	48
10	129
10	249
10	233
10	266
10	263
10	314
10	77
10	226
10	141
10	320
10	321
10	322
10	323
10	324
10	325
10	326
10	327
10	328
10	329
10	330
10	331
10	332
10	333
10	334
10	335
10	336
10	337
10	338
10	339
10	340
10	341
10	342
10	343
10	344
10	345
10	346
10	347
10	348
10	349
11	83
11	260
11	17
11	78
11	298
11	1
11	249
11	32
11	91
11	19
11	235
11	197
11	70
11	33
11	116
11	27
11	194
11	49
11	7
11	331
11	350
11	351
11	352
11	353
11	354
11	355
11	356
11	357
11	358
11	359
11	360
11	361
11	362
11	363
11	364
11	365
11	366
11	367
11	368
11	369
11	370
11	371
11	372
11	373
11	374
11	375
11	376
11	377
11	378
11	379
12	298
12	338
12	176
12	377
12	286
12	156
12	367
12	366
12	117
12	238
12	368
12	124
12	175
12	337
12	294
12	205
12	90
12	39
12	236
12	160
12	380
12	381
12	382
12	383
12	384
12	385
12	386
12	387
12	388
12	389
12	390
12	391
12	392
12	393
12	394
12	395
12	396
12	397
12	398
12	399
12	400
12	401
12	402
12	403
12	404
12	405
12	406
12	407
12	408
12	409
13	56
13	100
13	233
13	110
13	133
13	241
13	202
13	55
13	204
13	81
13	2
13	182
13	396
13	273
13	188
13	342
13	367
13	173
13	403
13	94
13	410
13	411
13	412
13	413
13	414
13	415
13	416
13	417
13	418
13	419
13	420
13	421
13	422
13	423
13	424
13	425
13	426
13	427
13	428
13	429
13	430
13	431
13	432
13	433
13	434
13	435
13	436
13	437
13	438
13	439
14	147
14	129
14	307
14	370
14	25
14	166
14	116
14	239
14	248
14	416
14	406
14	186
14	369
14	237
14	225
14	439
14	139
14	341
14	9
14	85
14	440
14	441
14	442
14	443
14	444
14	445
14	446
14	447
14	448
14	449
14	450
14	451
14	452
14	453
14	454
14	455
14	456
14	457
14	458
14	459
14	460
14	461
14	462
14	463
14	464
14	465
14	466
14	467
14	468
14	469
15	379
15	447
15	289
15	332
15	90
15	416
15	105
15	53
15	91
15	186
15	345
15	52
15	254
15	326
15	466
15	234
15	374
15	200
15	183
15	0
15	470
15	471
15	472
15	473
15	474
15	475
15	476
15	477
15	478
15	479
15	480
15	481
15	482
15	483
15	484
15	485
15	486
15	487
15	488
15	489
15	490
15	491
15	492
15	493
15	494
15	495
15	496
15	497
15	498
15	499
16	108
16	467
16	88
16	22
16	446
16	87
16	264
16	26
16	233
16	230
16	54
16	224
16	473
16	303
16	20
16	30
16	362
16	194
16	163
16	251
16	500
16	501
16	502
16	503
16	504
16	505
16	506
16	507
16	508
16	509
16	510
16	511
16	512
16	513
16	514
16	515
16	516
16	517
16	518
16	519
16	520
16	521
16	522
16	523
16	524
16	525
16	526
16	527
16	528
16	529
17	103
17	49
17	254
17	24
17	227
17	76
17	404
17	486
17	361
17	235
17	203
17	153
17	297
17	224
17	5
17	468
17	343
17	451
17	460
17	40
17	530
17	531
17	532
17	533
17	534
17	535
17	536
17	537
17	538
17	539
17	540
17	541
17	542
17	543
17	544
17	545
17	546
17	547
17	548
17	549
17	550
17	551
17	552
17	553
17	554
17	555
17	556
17	557
17	558
17	559
18	378
18	185
18	278
18	409
18	253
18	449
18	372
18	384
18	141
18	90
18	195
18	318
18	41
18	463
18	232
18	167
18	128
18	265
18	21
18	80
18	560
18	561
18	562
18	563
18	564
18	565
18	566
18	567
18	568
18	569
18	570
18	571
18	572
18	573
18	574
18	575
18	576
18	577
18	578
18	579
18	580
18	581
18	582
18	583
18	584
18	585
18	586
18	587
18	588
18	589
19	27
19	64
19	49
19	371
19	488
19	17
19	260
19	142
19	482
19	105
19	121
19	150
19	209
19	345
19	236
19	9
19	45
19	278
19	554
19	460
19	590
19	591
19	592
19	593
19	594
19	595
19	596
19	597
19	598
19	599
19	600
19	601
19	602
19	603
19	604
19	605
19	606
19	607
19	608
19	609
19	610
19	611
19	612
19	613
19	614
19	615
19	616
19	617
19	618
19	619
20	228
20	551
20	178
20	348
20	181
20	342
20	394
20	67
20	313
20	517
20	23
20	213
20	559
20	208
20	433
20	540
20	265
20	136
20	219
20	40
20	620
20	621
20	622
20	623
20	624
20	625
20	626
20	627
20	628
20	629
20	630
20	631
20	632
20	633
20	634
20	635
20	636
20	637
20	638
20	639
20	640
20	641
20	642
20	643
20	644
20	645
20	646
20	647
20	648
20	649
21	647
21	536
21	626
21	587
21	296
21	48
21	81
21	149
21	643
21	112
21	331
21	469
21	461
21	122
21	504
21	402
21	435
21	362
21	259
21	405
21	650
21	651
21	652
21	653
21	654
21	655
21	656
21	657
21	658
21	659
21	660
21	661
21	662
21	663
21	664
21	665
21	666
21	667
21	668
21	669
21	670
21	671
21	672
21	673
21	674
21	675
21	676
21	677
21	678
21	679
22	57
22	82
22	506
22	383
22	273
22	559
22	598
22	76
22	676
22	403
22	169
22	202
22	198
22	168
22	268
22	647
22	441
22	496
22	298
22	508
22	680
22	681
22	682
22	683
22	684
22	685
22	686
22	687
22	688
22	689
22	690
22	691
22	692
22	693
22	694
22	695
22	696
22	697
22	698
22	699
22	700
22	701
22	702
22	703
22	704
22	705
22	706
22	707
22	708
22	709
23	419
23	301
23	562
23	479
23	136
23	427
23	171
23	685
23	168
23	508
23	388
23	350
23	288
23	432
23	18
23	371
23	75
23	104
23	68
23	94
23	710
23	711
23	712
23	713
23	714
23	715
23	716
23	717
23	718
23	719
23	720
23	721
23	722
23	723
23	724
23	725
23	726
23	727
23	728
23	729
23	730
23	731
23	732
23	733
23	734
23	735
23	736
23	737
23	738
23	739
24	222
24	704
24	557
24	231
24	296
24	146
24	427
24	398
24	43
24	575
24	710
24	375
24	24
24	227
24	553
24	510
24	365
24	70
24	465
24	714
24	740
24	741
24	742
24	743
24	744
24	745
24	746
24	747
24	748
24	749
24	750
24	751
24	752
24	753
24	754
24	755
24	756
24	757
24	758
24	759
24	760
24	761
24	762
24	763
24	764
24	765
24	766
24	767
24	768
24	769
25	323
25	54
25	258
25	132
25	519
25	65
25	149
25	189
25	525
25	648
25	642
25	13
25	261
25	501
25	332
25	304
25	150
25	382
25	23
25	336
25	770
25	771
25	772
25	773
25	774
25	775
25	776
25	777
25	778
25	779
25	780
25	781
25	782
25	783
25	784
25	785
25	786
25	787
25	788
25	789
25	790
25	791
25	792
25	793
25	794
25	795
25	796
25	797
25	798
25	799
26	650
26	570
26	0
26	727
26	500
26	145
26	667
26	610
26	23
26	689
26	516
26	356
26	669
26	334
26	24
26	684
26	603
26	348
26	176
26	19
26	800
26	801
26	802
26	803
26	804
26	805
26	806
26	807
26	808
26	809
26	810
26	811
26	812
26	813
26	814
26	815
26	816
26	817
26	818
26	819
26	820
26	821
26	822
26	823
26	824
26	825
26	826
26	827
26	828
26	829
27	71
27	630
27	661
27	58
27	575
27	748
27	73
27	361
27	773
27	114
27	645
27	677
27	476
27	744
27	466
27	152
27	429
27	540
27	513
27	593
27	830
27	831
27	832
27	833
27	834
27	835
27	836
27	837
27	838
27	839
27	840
27	841
27	842
27	843
27	844
27	845
27	846
27	847
27	848
27	849
27	850
27	851
27	852
27	853
27	854
27	855
27	856
27	857
27	858
27	859
28	74
28	113
28	372
28	123
28	354
28	355
28	854
28	662
28	93
28	186
28	733
28	520
28	497
28	184
28	846
28	254
28	488
28	756
28	347
28	66
28	860
28	861
28	862
28	863
28	864
28	865
28	866
28	867
28	868
28	869
28	870
28	871
28	872
28	873
28	874
28	875
28	876
28	877
28	878
28	879
28	880
28	881
28	882
28	883
28	884
28	885
28	886
28	887
28	888
28	889
29	315
29	379
29	501
29	630
29	534
29	509
29	451
29	423
29	602
29	101
29	311
29	640
29	431
29	404
29	516
29	109
29	386
29	769
29	30
29	155
29	890
29	891
29	892
29	893
29	894
29	895
29	896
29	897
29	898
29	899
29	900
29	901
29	902
29	903
29	904
29	905
29	906
29	907
29	908
29	909
29	910
29	911
29	912
29	913
29	914
29	915
29	916
29	917
29	918
29	919
30	516
30	389
30	398
30	247
30	301
30	678
30	396
30	27
30	710
30	824
30	601
30	694
30	654
30	394
30	706
30	855
30	874
30	189
30	902
30	97
30	920
30	921
30	922
30	923
30	924
30	925
30	926
30	927
30	928
30	929
30	930
30	931
30	932
30	933
30	934
30	935
30	936
30	937
30	938
30	939
30	940
30	941
30	942
30	943
30	944
30	945
30	946
30	947
30	948
30	949
31	717
31	84
31	546
31	62
31	570
31	359
31	879
31	698
31	229
31	758
31	312
31	346
31	735
31	926
31	218
31	91
31	173
31	196
31	93
31	372
31	950
31	951
31	952
31	953
31	954
31	955
31	956
31	957
31	958
31	959
31	960
31	961
31	962
31	963
31	964
31	965
31	966
31	967
31	968
31	969
31	970
31	971
31	972
31	973
31	974
31	975
31	976
31	977
31	978
31	979
32	726
32	625
32	849
32	323
32	817
32	10
32	876
32	594
32	493
32	59
32	484
32	35
32	733
32	140
32	43
32	124
32	635
32	516
32	264
32	741
32	980
32	981
32	982
32	983
32	984
32	985
32	986
32	987
32	988
32	989
32	990
32	991
32	992
32	993
32	994
32	995
32	996
32	997
32	998
32	999
32	1000
32	1001
32	1002
32	1003
32	1004
32	1005
32	1006
32	1007
32	1008
32	1009
33	326
33	829
33	63
33	189
33	791
33	897
33	155
33	238
33	89
33	424
33	534
33	413
33	239
33	394
33	751
33	358
33	746
33	896
33	439
33	516
33	1010
33	1011
33	1012
33	1013
33	1014
33	1015
33	1016
33	1017
33	1018
33	1019
33	1020
33	1021
33	1022
33	1023
33	1024
33	1025
33	1026
33	1027
33	1028
33	1029
33	1030
33	1031
33	1032
33	1033
33	1034
33	1035
33	1036
33	1037
33	1038
33	1039
34	486
34	264
34	113
34	1039
34	761
34	973
34	262
34	293
34	856
34	781
34	121
34	438
34	871
34	154
34	848
34	77
34	267
34	162
34	845
34	806
34	1040
34	1041
34	1042
34	1043
34	1044
34	1045
34	1046
34	1047
34	1048
34	1049
34	1050
34	1051
34	1052
34	1053
34	1054
34	1055
34	1056
34	1057
34	1058
34	1059
34	1060
34	1061
34	1062
34	1063
34	1064
34	1065
34	1066
34	1067
34	1068
34	1069
35	328
35	1048
35	694
35	833
35	635
35	1000
35	281
35	784
35	140
35	753
35	156
35	320
35	313
35	117
35	597
35	187
35	392
35	935
35	121
35	1034
35	1070
35	1071
35	1072
35	1073
35	1074
35	1075
35	1076
35	1077
35	1078
35	1079
35	1080
35	1081
35	1082
35	1083
35	1084
35	1085
35	1086
35	1087
35	1088
35	1089
35	1090
35	1091
35	1092
35	1093
35	1094
35	1095
35	1096
35	1097
35	1098
35	1099
36	98
36	561
36	336
36	748
36	1091
36	549
36	664
36	170
36	286
36	444
36	784
36	755
36	837
36	374
36	371
36	502
36	427
36	791
36	885
36	966
36	1100
36	1101
36	1102
36	1103
36	1104
36	1105
36	1106
36	1107
36	1108
36	1109
36	1110
36	1111
36	1112
36	1113
36	1114
36	1115
36	1116
36	1117
36	1118
36	1119
36	1120
36	1121
36	1122
36	1123
36	1124
36	1125
36	1126
36	1127
36	1128
36	1129
37	414
37	596
37	797
37	325
37	565
37	975
37	713
37	128
37	836
37	272
37	470
37	1091
37	795
37	217
37	49
37	556
37	321
37	80
37	11
37	850
37	1130
37	1131
37	1132
37	1133
37	1134
37	1135
37	1136
37	1137
37	1138
37	1139
37	1140
37	1141
37	1142
37	1143
37	1144
37	1145
37	1146
37	1147
37	1148
37	1149
37	1150
37	1151
37	1152
37	1153
37	1154
37	1155
37	1156
37	1157
37	1158
37	1159
38	551
38	241
38	1124
38	777
38	82
38	652
38	843
38	750
38	155
38	402
38	587
38	257
38	1000
38	812
38	869
38	680
38	601
38	850
38	501
38	154
38	1160
38	1161
38	1162
38	1163
38	1164
38	1165
38	1166
38	1167
38	1168
38	1169
38	1170
38	1171
38	1172
38	1173
38	1174
38	1175
38	1176
38	1177
38	1178
38	1179
38	1180
38	1181
38	1182
38	1183
38	1184
38	1185
38	1186
38	1187
38	1188
38	1189
39	536
39	115
39	757
39	54
39	25
39	683
39	771
39	961
39	805
39	997
39	1123
39	527
39	299
39	1086
39	586
39	1032
39	1022
39	385
39	30
39	844
39	1190
39	1191
39	1192
39	1193
39	1194
39	1195
39	1196
39	1197
39	1198
39	1199
39	1200
39	1201
39	1202
39	1203
39	1204
39	1205
39	1206
39	1207
39	1208
39	1209
39	1210
39	1211
39	1212
39	1213
39	1214
39	1215
39	1216
39	1217
39	1218
39	1219
40	642
40	1028
40	990
40	936
40	1045
40	1216
40	879
40	11
40	561
40	233
40	824
40	137
40	964
40	330
40	1132
40	1204
40	96
40	547
40	556
40	283
40	1220
40	1221
40	1222
40	1223
40	1224
40	1225
40	1226
40	1227
40	1228
40	1229
40	1230
40	1231
40	1232
40	1233
40	1234
40	1235
40	1236
40	1237
40	1238
40	1239
40	1240
40	1241
40	1242
40	1243
40	1244
40	1245
40	1246
40	1247
40	1248
40	1249
41	614
41	247
41	164
41	598
41	513
41	743
41	1219
41	1082
41	266
41	297
41	333
41	1115
41	50
41	980
41	386
41	154
41	926
41	1050
41	1152
41	917
41	1250
41	1251
41	1252
41	1253
41	1254
41	1255
41	1256
41	1257
41	1258
41	1259
41	1260
41	1261
41	1262
41	1263
41	1264
41	1265
41	1266
41	1267
41	1268
41	1269
41	1270
41	1271
41	1272
41	1273
41	1274
41	1275
41	1276
41	1277
41	1278
41	1279
42	573
42	304
42	154
42	1
42	1067
42	1120
42	1241
42	71
42	180
42	83
42	683
42	670
42	492
42	571
42	661
42	1063
42	834
42	761
42	1083
42	585
42	1280
42	1281
42	1282
42	1283
42	1284
42	1285
42	1286
42	1287
42	1288
42	1289
42	1290
42	1291
42	1292
42	1293
42	1294
42	1295
42	1296
42	1297
42	1298
42	1299
42	1300
42	1301
42	1302
42	1303
42	1304
42	1305
42	1306
42	1307
42	1308
42	1309
43	1255
43	1289
43	1
43	749
43	855
43	1043
43	139
43	583
43	786
43	312
43	906
43	795
43	518
43	1240
43	199
43	741
43	716
43	214
43	304
43	311
43	1310
43	1311
43	1312
43	1313
43	1314
43	1315
43	1316
43	1317
43	1318
43	1319
43	1320
43	1321
43	1322
43	1323
43	1324
43	1325
43	1326
43	1327
43	1328
43	1329
43	1330
43	1331
43	1332
43	1333
43	1334
43	1335
43	1336
43	1337
43	1338
43	1339
44	623
44	900
44	1259
44	349
44	1300
44	1007
44	1187
44	824
44	88
44	1309
44	758
44	736
44	1262
44	734
44	98
44	377
44	2
44	36
44	1323
44	222
44	1340
44	1341
44	1342
44	1343
44	1344
44	1345
44	1346
44	1347
44	1348
44	1349
44	1350
44	1351
44	1352
44	1353
44	1354
44	1355
44	1356
44	1357
44	1358
44	1359
44	1360
44	1361
44	1362
44	1363
44	1364
44	1365
44	1366
44	1367
44	1368
44	1369
45	1243
45	245
45	1249
45	628
45	801
45	790
45	977
45	1104
45	22
45	236
45	560
45	690
45	590
45	1159
45	255
45	571
45	498
45	691
45	554
45	1040
45	1370
45	1371
45	1372
45	1373
45	1374
45	1375
45	1376
45	1377
45	1378
45	1379
45	1380
45	1381
45	1382
45	1383
45	1384
45	1385
45	1386
45	1387
45	1388
45	1389
45	1390
45	1391
45	1392
45	1393
45	1394
45	1395
45	1396
45	1397
45	1398
45	1399
46	329
46	1217
46	599
46	986
46	761
46	1159
46	1232
46	856
46	150
46	798
46	742
46	649
46	1077
46	1276
46	1174
46	267
46	1341
46	309
46	602
46	709
46	1400
46	1401
46	1402
46	1403
46	1404
46	1405
46	1406
46	1407
46	1408
46	1409
46	1410
46	1411
46	1412
46	1413
46	1414
46	1415
46	1416
46	1417
46	1418
46	1419
46	1420
46	1421
46	1422
46	1423
46	1424
46	1425
46	1426
46	1427
46	1428
46	1429
47	437
47	667
47	360
47	316
47	90
47	572
47	1293
47	1322
47	252
47	914
47	1087
47	802
47	1169
47	752
47	507
47	625
47	377
47	1279
47	496
47	341
47	1430
47	1431
47	1432
47	1433
47	1434
47	1435
47	1436
47	1437
47	1438
47	1439
47	1440
47	1441
47	1442
47	1443
47	1444
47	1445
47	1446
47	1447
47	1448
47	1449
47	1450
47	1451
47	1452
47	1453
47	1454
47	1455
47	1456
47	1457
47	1458
47	1459
48	143
48	264
48	1257
48	377
48	222
48	1099
48	837
48	664
48	1269
48	173
48	1404
48	1422
48	763
48	1125
48	601
48	806
48	918
48	1011
48	311
48	687
48	1460
48	1461
48	1462
48	1463
48	1464
48	1465
48	1466
48	1467
48	1468
48	1469
48	1470
48	1471
48	1472
48	1473
48	1474
48	1475
48	1476
48	1477
48	1478
48	1479
48	1480
48	1481
48	1482
48	1483
48	1484
48	1485
48	1486
48	1487
48	1488
48	1489
49	431
49	771
49	1378
49	1203
49	1130
49	330
49	26
49	1305
49	604
49	1461
49	1208
49	186
49	1270
49	804
49	790
49	1186
49	1143
49	1328
49	1165
49	1353
49	1490
49	1491
49	1492
49	1493
49	1494
49	1495
49	1496
49	1497
49	1498
49	1499
49	1500
49	1501
49	1502
49	1503
49	1504
49	1505
49	1506
49	1507
49	1508
49	1509
49	1510
49	1511
49	1512
49	1513
49	1514
49	1515
49	1516
49	1517
49	1518
49	1519
50	640
50	119
50	92
50	818
50	356
50	1404
50	490
50	280
50	1132
50	894
50	329
50	1096
50	1479
50	41
50	368
50	1012
50	1283
50	1024
50	78
50	542
50	1520
50	1521
50	1522
50	1523
50	1524
50	1525
50	1526
50	1527
50	1528
50	1529
50	1530
50	1531
50	1532
50	1533
50	1534
50	1535
50	1536
50	1537
50	1538
50	1539
50	1540
50	1541
50	1542
50	1543
50	1544
50	1545
50	1546
50	1547
50	1548
50	1549
51	1349
51	975
51	39
51	699
51	905
51	1139
51	931
51	1399
51	57
51	184
51	657
51	1272
51	276
51	888
51	1115
51	430
51	754
51	1378
51	590
51	427
51	1550
51	1551
51	1552
51	1553
51	1554
51	1555
51	1556
51	1557
51	1558
51	1559
51	1560
51	1561
51	1562
51	1563
51	1564
51	1565
51	1566
51	1567
51	1568
51	1569
51	1570
51	1571
51	1572
51	1573
51	1574
51	1575
51	1576
51	1577
51	1578
51	1579
52	1546
52	372
52	969
52	1501
52	1455
52	1261
52	1477
52	1207
52	145
52	1252
52	193
52	262
52	523
52	866
52	463
52	130
52	1022
52	1284
52	1192
52	1121
52	1580
52	1581
52	1582
52	1583
52	1584
52	1585
52	1586
52	1587
52	1588
52	1589
52	1590
52	1591
52	1592
52	1593
52	1594
52	1595
52	1596
52	1597
52	1598
52	1599
52	1600
52	1601
52	1602
52	1603
52	1604
52	1605
52	1606
52	1607
52	1608
52	1609
53	1360
53	869
53	1507
53	80
53	996
53	652
53	994
53	1346
53	1573
53	729
53	655
53	1298
53	1457
53	1473
53	297
53	357
53	1183
53	785
53	1400
53	993
53	1610
53	1611
53	1612
53	1613
53	1614
53	1615
53	1616
53	1617
53	1618
53	1619
53	1620
53	1621
53	1622
53	1623
53	1624
53	1625
53	1626
53	1627
53	1628
53	1629
53	1630
53	1631
53	1632
53	1633
53	1634
53	1635
53	1636
53	1637
53	1638
53	1639
54	1382
54	458
54	1473
54	542
54	1345
54	1001
54	155
54	1467
54	1294
54	630
54	380
54	1575
54	1293
54	667
54	1282
54	225
54	668
54	372
54	321
54	1297
54	1640
54	1641
54	1642
54	1643
54	1644
54	1645
54	1646
54	1647
54	1648
54	1649
54	1650
54	1651
54	1652
54	1653
54	1654
54	1655
54	1656
54	1657
54	1658
54	1659
54	1660
54	1661
54	1662
54	1663
54	1664
54	1665
54	1666
54	1667
54	1668
54	1669
55	1341
55	251
55	50
55	763
55	1393
55	788
55	1349
55	1137
55	771
55	968
55	107
55	680
55	452
55	1037
55	1050
55	1065
55	1212
55	1374
55	706
55	1431
55	1670
55	1671
55	1672
55	1673
55	1674
55	1675
55	1676
55	1677
55	1678
55	1679
55	1680
55	1681
55	1682
55	1683
55	1684
55	1685
55	1686
55	1687
55	1688
55	1689
55	1690
55	1691
55	1692
55	1693
55	1694
55	1695
55	1696
55	1697
55	1698
55	1699
56	1211
56	1347
56	1045
56	1006
56	241
56	723
56	1507
56	1038
56	1554
56	606
56	821
56	1106
56	1287
56	448
56	886
56	834
56	897
56	284
56	496
56	504
56	1700
56	1701
56	1702
56	1703
56	1704
56	1705
56	1706
56	1707
56	1708
56	1709
56	1710
56	1711
56	1712
56	1713
56	1714
56	1715
56	1716
56	1717
56	1718
56	1719
56	1720
56	1721
56	1722
56	1723
56	1724
56	1725
56	1726
56	1727
56	1728
56	1729
57	809
57	1001
57	1684
57	378
57	862
57	711
57	71
57	1523
57	587
57	215
57	684
57	670
57	589
57	1174
57	497
57	169
57	1587
57	1646
57	1247
57	1154
57	1730
57	1731
57	1732
57	1733
57	1734
57	1735
57	1736
57	1737
57	1738
57	1739
57	1740
57	1741
57	1742
57	1743
57	1744
57	1745
57	1746
57	1747
57	1748
57	1749
57	1750
57	1751
57	1752
57	1753
57	1754
57	1755
57	1756
57	1757
57	1758
57	1759
58	884
58	167
58	1282
58	1031
58	1502
58	472
58	923
58	356
58	1139
58	1669
58	1644
58	13
58	99
58	426
58	1696
58	16
58	193
58	1565
58	1248
58	1157
58	1760
58	1761
58	1762
58	1763
58	1764
58	1765
58	1766
58	1767
58	1768
58	1769
58	1770
58	1771
58	1772
58	1773
58	1774
58	1775
58	1776
58	1777
58	1778
58	1779
58	1780
58	1781
58	1782
58	1783
58	1784
58	1785
58	1786
58	1787
58	1788
58	1789
59	222
59	510
59	842
59	1023
59	880
59	1553
59	969
59	1668
59	1503
59	1530
59	805
59	598
59	496
59	649
59	686
59	837
59	385
59	1264
59	1029
59	564
59	1790
59	1791
59	1792
59	1793
59	1794
59	1795
59	1796
59	1797
59	1798
59	1799
59	1800
59	1801
59	1802
59	1803
59	1804
59	1805
59	1806
59	1807
59	1808
59	1809
59	1810
59	1811
59	1812
59	1813
59	1814
59	1815
59	1816
59	1817
59	1818
59	1819
60	1721
60	1795
60	1346
60	1415
60	469
60	1156
60	176
60	1624
60	683
60	785
60	902
60	763
60	336
60	1805
60	1337
60	943
60	193
60	328
60	1255
60	270
60	1820
60	1821
60	1822
60	1823
60	1824
60	1825
60	1826
60	1827
60	1828
60	1829
60	1830
60	1831
60	1832
60	1833
60	1834
60	1835
60	1836
60	1837
60	1838
60	1839
60	1840
60	1841
60	1842
60	1843
60	1844
60	1845
60	1846
60	1847
60	1848
60	1849
61	1124
61	679
61	724
61	1242
61	1698
61	89
61	74
61	1788
61	524
61	1023
61	95
61	328
61	539
61	1107
61	1442
61	156
61	1021
61	405
61	572
61	1349
61	1850
61	1851
61	1852
61	1853
61	1854
61	1855
61	1856
61	1857
61	1858
61	1859
61	1860
61	1861
61	1862
61	1863
61	1864
61	1865
61	1866
61	1867
61	1868
61	1869
61	1870
61	1871
61	1872
61	1873
61	1874
61	1875
61	1876
61	1877
61	1878
61	1879
62	1254
62	1328
62	1330
62	14
62	47
62	657
62	68
62	408
62	1365
62	1499
62	1325
62	157
62	1125
62	306
62	1285
62	1705
62	808
62	271
62	1450
62	964
62	1880
62	1881
62	1882
62	1883
62	1884
62	1885
62	1886
62	1887
62	1888
62	1889
62	1890
62	1891
62	1892
62	1893
62	1894
62	1895
62	1896
62	1897
62	1898
62	1899
62	1900
62	1901
62	1902
62	1903
62	1904
62	1905
62	1906
62	1907
62	1908
62	1909
63	885
63	1832
63	1138
63	1288
63	394
63	860
63	735
63	1504
63	740
63	770
63	333
63	149
63	1537
63	939
63	1625
63	736
63	1741
63	502
63	1398
63	863
63	1910
63	1911
63	1912
63	1913
63	1914
63	1915
63	1916
63	1917
63	1918
63	1919
63	1920
63	1921
63	1922
63	1923
63	1924
63	1925
63	1926
63	1927
63	1928
63	1929
63	1930
63	1931
63	1932
63	1933
63	1934
63	1935
63	1936
63	1937
63	1938
63	1939
64	725
64	162
64	300
64	1916
64	632
64	323
64	1271
64	742
64	1108
64	220
64	386
64	1877
64	1037
64	3
64	1125
64	1696
64	477
64	224
64	38
64	1757
64	1940
64	1941
64	1942
64	1943
64	1944
64	1945
64	1946
64	1947
64	1948
64	1949
64	1950
64	1951
64	1952
64	1953
64	1954
64	1955
64	1956
64	1957
64	1958
64	1959
64	1960
64	1961
64	1962
64	1963
64	1964
64	1965
64	1966
64	1967
64	1968
64	1969
65	628
65	1766
65	1255
65	1031
65	574
65	351
65	1140
65	582
65	1464
65	1170
65	440
65	94
65	1279
65	818
65	1652
65	144
65	489
65	479
65	251
65	1326
65	1970
65	1971
65	1972
65	1973
65	1974
65	1975
65	1976
65	1977
65	1978
65	1979
65	1980
65	1981
65	1982
65	1983
65	1984
65	1985
65	1986
65	1987
65	1988
65	1989
65	1990
65	1991
65	1992
65	1993
65	1994
65	1995
65	1996
65	1997
65	1998
65	1999
66	1765
66	1888
66	621
66	779
66	306
66	49
66	1116
66	971
66	501
66	410
66	25
66	256
66	914
66	995
66	1002
66	206
66	1378
66	1579
66	1121
66	1457
66	2000
66	2001
66	2002
66	2003
66	2004
66	2005
66	2006
66	2007
66	2008
66	2009
66	2010
66	2011
66	2012
66	2013
66	2014
66	2015
66	2016
66	2017
66	2018
66	2019
66	2020
66	2021
66	2022
66	2023
66	2024
66	2025
66	2026
66	2027
66	2028
66	2029
67	814
67	1278
67	229
67	1894
67	724
67	1304
67	1196
67	1066
67	1663
67	721
67	1964
67	400
67	761
67	1768
67	1833
67	1155
67	808
67	1112
67	829
67	904
67	2030
67	2031
67	2032
67	2033
67	2034
67	2035
67	2036
67	2037
67	2038
67	2039
67	2040
67	2041
67	2042
67	2043
67	2044
67	2045
67	2046
67	2047
67	2048
67	2049
67	2050
67	2051
67	2052
67	2053
67	2054
67	2055
67	2056
67	2057
67	2058
67	2059
68	1792
68	1867
68	183
68	1370
68	946
68	562
68	652
68	314
68	1721
68	1117
68	1001
68	544
68	606
68	2046
68	1387
68	996
68	532
68	84
68	403
68	809
68	2060
68	2061
68	2062
68	2063
68	2064
68	2065
68	2066
68	2067
68	2068
68	2069
68	2070
68	2071
68	2072
68	2073
68	2074
68	2075
68	2076
68	2077
68	2078
68	2079
68	2080
68	2081
68	2082
68	2083
68	2084
68	2085
68	2086
68	2087
68	2088
68	2089
69	1699
69	1030
69	1167
69	14
69	1444
69	1366
69	1545
69	709
69	1484
69	1522
69	206
69	385
69	1549
69	562
69	626
69	1119
69	315
69	393
69	635
69	1429
69	2090
69	2091
69	2092
69	2093
69	2094
69	2095
69	2096
69	2097
69	2098
69	2099
69	2100
69	2101
69	2102
69	2103
69	2104
69	2105
69	2106
69	2107
69	2108
69	2109
69	2110
69	2111
69	2112
69	2113
69	2114
69	2115
69	2116
69	2117
69	2118
69	2119
70	1835
70	818
70	1879
70	1059
70	407
70	1592
70	1673
70	2007
70	1060
70	356
70	800
70	1662
70	1588
70	1683
70	2110
70	1933
70	1138
70	231
70	1397
70	29
70	2120
70	2121
70	2122
70	2123
70	2124
70	2125
70	2126
70	2127
70	2128
70	2129
70	2130
70	2131
70	2132
70	2133
70	2134
70	2135
70	2136
70	2137
70	2138
70	2139
70	2140
70	2141
70	2142
70	2143
70	2144
70	2145
70	2146
70	2147
70	2148
70	2149
71	1748
71	954
71	617
71	572
71	1397
71	1534
71	99
71	17
71	226
71	124
71	1916
71	1549
71	711
71	947
71	531
71	549
71	470
71	1752
71	980
71	239
71	2150
71	2151
71	2152
71	2153
71	2154
71	2155
71	2156
71	2157
71	2158
71	2159
71	2160
71	2161
71	2162
71	2163
71	2164
71	2165
71	2166
71	2167
71	2168
71	2169
71	2170
71	2171
71	2172
71	2173
71	2174
71	2175
71	2176
71	2177
71	2178
71	2179
72	1926
72	1217
72	1798
72	1196
72	599
72	774
72	311
72	1227
72	1862
72	1085
72	535
72	1188
72	732
72	185
72	2038
72	1472
72	1705
72	645
72	425
72	675
72	2180
72	2181
72	2182
72	2183
72	2184
72	2185
72	2186
72	2187
72	2188
72	2189
72	2190
72	2191
72	2192
72	2193
72	2194
72	2195
72	2196
72	2197
72	2198
72	2199
72	2200
72	2201
72	2202
72	2203
72	2204
72	2205
72	2206
72	2207
72	2208
72	2209
73	1126
73	1243
73	2207
73	1994
73	1526
73	598
73	1105
73	346
73	1461
73	268
73	772
73	1244
73	116
73	454
73	399
73	604
73	204
73	647
73	1635
73	1211
73	2210
73	2211
73	2212
73	2213
73	2214
73	2215
73	2216
73	2217
73	2218
73	2219
73	2220
73	2221
73	2222
73	2223
73	2224
73	2225
73	2226
73	2227
73	2228
73	2229
73	2230
73	2231
73	2232
73	2233
73	2234
73	2235
73	2236
73	2237
73	2238
73	2239
74	1884
74	907
74	910
74	1097
74	745
74	392
74	596
74	1159
74	59
74	1894
74	502
74	2143
74	1040
74	1599
74	140
74	97
74	1585
74	1873
74	1820
74	1987
74	2240
74	2241
74	2242
74	2243
74	2244
74	2245
74	2246
74	2247
74	2248
74	2249
74	2250
74	2251
74	2252
74	2253
74	2254
74	2255
74	2256
74	2257
74	2258
74	2259
74	2260
74	2261
74	2262
74	2263
74	2264
74	2265
74	2266
74	2267
74	2268
74	2269
75	160
75	234
75	893
75	1373
75	596
75	74
75	601
75	2131
75	656
75	202
75	1974
75	1001
75	543
75	309
75	1357
75	136
75	1255
75	526
75	2226
75	972
75	2270
75	2271
75	2272
75	2273
75	2274
75	2275
75	2276
75	2277
75	2278
75	2279
75	2280
75	2281
75	2282
75	2283
75	2284
75	2285
75	2286
75	2287
75	2288
75	2289
75	2290
75	2291
75	2292
75	2293
75	2294
75	2295
75	2296
75	2297
75	2298
75	2299
76	1538
76	1795
76	957
76	314
76	1591
76	1419
76	247
76	1759
76	1790
76	216
76	1267
76	1435
76	183
76	1508
76	230
76	1210
76	412
76	2071
76	714
76	1294
76	2300
76	2301
76	2302
76	2303
76	2304
76	2305
76	2306
76	2307
76	2308
76	2309
76	2310
76	2311
76	2312
76	2313
76	2314
76	2315
76	2316
76	2317
76	2318
76	2319
76	2320
76	2321
76	2322
76	2323
76	2324
76	2325
76	2326
76	2327
76	2328
76	2329
77	2234
77	710
77	1425
77	526
77	2303
77	2195
77	1854
77	166
77	1583
77	163
77	571
77	475
77	52
77	100
77	1479
77	1282
77	1119
77	671
77	54
77	2226
77	2330
77	2331
77	2332
77	2333
77	2334
77	2335
77	2336
77	2337
77	2338
77	2339
77	2340
77	2341
77	2342
77	2343
77	2344
77	2345
77	2346
77	2347
77	2348
77	2349
77	2350
77	2351
77	2352
77	2353
77	2354
77	2355
77	2356
77	2357
77	2358
77	2359
78	624
78	392
78	299
78	1586
78	1187
78	1303
78	1290
78	1625
78	2009
78	1811
78	825
78	2089
78	214
78	2155
78	303
78	1118
78	880
78	1246
78	891
78	2242
78	2360
78	2361
78	2362
78	2363
78	2364
78	2365
78	2366
78	2367
78	2368
78	2369
78	2370
78	2371
78	2372
78	2373
78	2374
78	2375
78	2376
78	2377
78	2378
78	2379
78	2380
78	2381
78	2382
78	2383
78	2384
78	2385
78	2386
78	2387
78	2388
78	2389
79	2009
79	2326
79	1097
79	102
79	556
79	513
79	1509
79	1257
79	1154
79	392
79	805
79	1474
79	1332
79	2160
79	1128
79	2062
79	1055
79	980
79	1412
79	2252
79	2390
79	2391
79	2392
79	2393
79	2394
79	2395
79	2396
79	2397
79	2398
79	2399
79	2400
79	2401
79	2402
79	2403
79	2404
79	2405
79	2406
79	2407
79	2408
79	2409
79	2410
79	2411
79	2412
79	2413
79	2414
79	2415
79	2416
79	2417
79	2418
79	2419
80	1252
80	1676
80	730
80	554
80	2277
80	2303
80	687
80	892
80	1999
80	1097
80	2094
80	1697
80	214
80	613
80	2054
80	865
80	1734
80	1323
80	197
80	2307
80	2420
80	2421
80	2422
80	2423
80	2424
80	2425
80	2426
80	2427
80	2428
80	2429
80	2430
80	2431
80	2432
80	2433
80	2434
80	2435
80	2436
80	2437
80	2438
80	2439
80	2440
80	2441
80	2442
80	2443
80	2444
80	2445
80	2446
80	2447
80	2448
80	2449
81	2148
81	2358
81	1858
81	197
81	2092
81	1881
81	102
81	1219
81	1060
81	1221
81	205
81	1898
81	1732
81	595
81	3
81	1618
81	316
81	108
81	2425
81	1854
81	2450
81	2451
81	2452
81	2453
81	2454
81	2455
81	2456
81	2457
81	2458
81	2459
81	2460
81	2461
81	2462
81	2463
81	2464
81	2465
81	2466
81	2467
81	2468
81	2469
81	2470
81	2471
81	2472
81	2473
81	2474
81	2475
81	2476
81	2477
81	2478
81	2479
82	216
82	917
82	2176
82	1075
82	96
82	1756
82	2268
82	2431
82	70
82	1675
82	1229
82	1799
82	450
82	1511
82	1326
82	2319
82	598
82	2294
82	846
82	824
82	2480
82	2481
82	2482
82	2483
82	2484
82	2485
82	2486
82	2487
82	2488
82	2489
82	2490
82	2491
82	2492
82	2493
82	2494
82	2495
82	2496
82	2497
82	2498
82	2499
82	2500
82	2501
82	2502
82	2503
82	2504
82	2505
82	2506
82	2507
82	2508
82	2509
83	1928
83	2255
83	2029
83	190
83	2487
83	2243
83	812
83	613
83	297
83	863
83	621
83	391
83	104
83	2409
83	1807
83	1734
83	625
83	896
83	1723
83	1498
83	2510
83	2511
83	2512
83	2513
83	2514
83	2515
83	2516
83	2517
83	2518
83	2519
83	2520
83	2521
83	2522
83	2523
83	2524
83	2525
83	2526
83	2527
83	2528
83	2529
83	2530
83	2531
83	2532
83	2533
83	2534
83	2535
83	2536
83	2537
83	2538
83	2539
84	1549
84	1352
84	1381
84	2271
84	728
84	456
84	115
84	676
84	2527
84	2247
84	2472
84	1698
84	2480
84	1989
84	2236
84	1645
84	1810
84	971
84	1286
84	2141
84	2540
84	2541
84	2542
84	2543
84	2544
84	2545
84	2546
84	2547
84	2548
84	2549
84	2550
84	2551
84	2552
84	2553
84	2554
84	2555
84	2556
84	2557
84	2558
84	2559
84	2560
84	2561
84	2562
84	2563
84	2564
84	2565
84	2566
84	2567
84	2568
84	2569
85	762
85	699
85	1590
85	2438
85	2150
85	1358
85	549
85	1961
85	1588
85	1807
85	357
85	2359
85	1186
85	2186
85	317
85	1198
85	1805
85	954
85	1949
85	2250
85	2570
85	2571
85	2572
85	2573
85	2574
85	2575
85	2576
85	2577
85	2578
85	2579
85	2580
85	2581
85	2582
85	2583
85	2584
85	2585
85	2586
85	2587
85	2588
85	2589
85	2590
85	2591
85	2592
85	2593
85	2594
85	2595
85	2596
85	2597
85	2598
85	2599
86	639
86	955
86	1453
86	2286
86	828
86	1460
86	2258
86	2429
86	1245
86	417
86	924
86	1089
86	1388
86	1965
86	324
86	2306
86	1920
86	1343
86	97
86	1360
86	2600
86	2601
86	2602
86	2603
86	2604
86	2605
86	2606
86	2607
86	2608
86	2609
86	2610
86	2611
86	2612
86	2613
86	2614
86	2615
86	2616
86	2617
86	2618
86	2619
86	2620
86	2621
86	2622
86	2623
86	2624
86	2625
86	2626
86	2627
86	2628
86	2629
87	764
87	321
87	447
87	852
87	1275
87	804
87	336
87	2391
87	75
87	2165
87	748
87	1554
87	2455
87	1222
87	652
87	2112
87	2442
87	1880
87	1545
87	1096
87	2630
87	2631
87	2632
87	2633
87	2634
87	2635
87	2636
87	2637
87	2638
87	2639
87	2640
87	2641
87	2642
87	2643
87	2644
87	2645
87	2646
87	2647
87	2648
87	2649
87	2650
87	2651
87	2652
87	2653
87	2654
87	2655
87	2656
87	2657
87	2658
87	2659
88	2591
88	1383
88	2088
88	265
88	800
88	82
88	751
88	2121
88	379
88	1252
88	1437
88	1240
88	1090
88	639
88	328
88	623
88	2405
88	1632
88	2529
88	1447
88	2660
88	2661
88	2662
88	2663
88	2664
88	2665
88	2666
88	2667
88	2668
88	2669
88	2670
88	2671
88	2672
88	2673
88	2674
88	2675
88	2676
88	2677
88	2678
88	2679
88	2680
88	2681
88	2682
88	2683
88	2684
88	2685
88	2686
88	2687
88	2688
88	2689
89	426
89	1284
89	2299
89	296
89	1305
89	1110
89	2335
89	1964
89	15
89	1003
89	1227
89	8
89	1975
89	2067
89	2036
89	465
89	2331
89	936
89	765
89	1083
89	2690
89	2691
89	2692
89	2693
89	2694
89	2695
89	2696
89	2697
89	2698
89	2699
89	2700
89	2701
89	2702
89	2703
89	2704
89	2705
89	2706
89	2707
89	2708
89	2709
89	2710
89	2711
89	2712
89	2713
89	2714
89	2715
89	2716
89	2717
89	2718
89	2719
90	1214
90	285
90	616
90	1282
90	2161
90	2540
90	1288
90	1763
90	2109
90	2684
90	2043
90	109
90	401
90	151
90	190
90	2346
90	2152
90	1454
90	655
90	2165
90	2720
90	2721
90	2722
90	2723
90	2724
90	2725
90	2726
90	2727
90	2728
90	2729
90	2730
90	2731
90	2732
90	2733
90	2734
90	2735
90	2736
90	2737
90	2738
90	2739
90	2740
90	2741
90	2742
90	2743
90	2744
90	2745
90	2746
90	2747
90	2748
90	2749
91	2156
91	215
91	696
91	2050
91	340
91	2553
91	1326
91	982
91	2369
91	464
91	1574
91	217
91	891
91	146
91	1983
91	2120
91	1291
91	2545
91	951
91	1647
91	2750
91	2751
91	2752
91	2753
91	2754
91	2755
91	2756
91	2757
91	2758
91	2759
91	2760
91	2761
91	2762
91	2763
91	2764
91	2765
91	2766
91	2767
91	2768
91	2769
91	2770
91	2771
91	2772
91	2773
91	2774
91	2775
91	2776
91	2777
91	2778
91	2779
92	1933
92	229
92	71
92	885
92	1790
92	990
92	1897
92	951
92	1511
92	1865
92	1229
92	1522
92	2143
92	871
92	244
92	2128
92	775
92	783
92	500
92	2235
92	2780
92	2781
92	2782
92	2783
92	2784
92	2785
92	2786
92	2787
92	2788
92	2789
92	2790
92	2791
92	2792
92	2793
92	2794
92	2795
92	2796
92	2797
92	2798
92	2799
92	2800
92	2801
92	2802
92	2803
92	2804
92	2805
92	2806
92	2807
92	2808
92	2809
93	1396
93	2721
93	360
93	2350
93	841
93	1167
93	2449
93	2530
93	1752
93	2131
93	1546
93	1818
93	1554
93	1295
93	1583
93	1460
93	1105
93	620
93	179
93	2092
93	2810
93	2811
93	2812
93	2813
93	2814
93	2815
93	2816
93	2817
93	2818
93	2819
93	2820
93	2821
93	2822
93	2823
93	2824
93	2825
93	2826
93	2827
93	2828
93	2829
93	2830
93	2831
93	2832
93	2833
93	2834
93	2835
93	2836
93	2837
93	2838
93	2839
94	2771
94	2535
94	2727
94	48
94	179
94	1439
94	1251
94	1919
94	291
94	567
94	46
94	300
94	2227
94	2776
94	631
94	1645
94	2249
94	215
94	2653
94	347
94	2840
94	2841
94	2842
94	2843
94	2844
94	2845
94	2846
94	2847
94	2848
94	2849
94	2850
94	2851
94	2852
94	2853
94	2854
94	2855
94	2856
94	2857
94	2858
94	2859
94	2860
94	2861
94	2862
94	2863
94	2864
94	2865
94	2866
94	2867
94	2868
94	2869
95	2526
95	1586
95	2269
95	1202
95	1969
95	2082
95	2399
95	495
95	1033
95	1652
95	1775
95	695
95	1242
95	1343
95	1043
95	2402
95	1815
95	1446
95	1933
95	1789
95	2870
95	2871
95	2872
95	2873
95	2874
95	2875
95	2876
95	2877
95	2878
95	2879
95	2880
95	2881
95	2882
95	2883
95	2884
95	2885
95	2886
95	2887
95	2888
95	2889
95	2890
95	2891
95	2892
95	2893
95	2894
95	2895
95	2896
95	2897
95	2898
95	2899
96	2763
96	817
96	2281
96	2034
96	10
96	1050
96	2151
96	2557
96	1469
96	893
96	1339
96	216
96	832
96	859
96	1041
96	2056
96	1871
96	122
96	712
96	171
96	2900
96	2901
96	2902
96	2903
96	2904
96	2905
96	2906
96	2907
96	2908
96	2909
96	2910
96	2911
96	2912
96	2913
96	2914
96	2915
96	2916
96	2917
96	2918
96	2919
96	2920
96	2921
96	2922
96	2923
96	2924
96	2925
96	2926
96	2927
96	2928
96	2929
97	2537
97	530
97	2873
97	1276
97	373
97	2230
97	2165
97	965
97	283
97	1418
97	1095
97	857
97	2722
97	1133
97	412
97	1923
97	1521
97	1705
97	205
97	67
97	2930
97	2931
97	2932
97	2933
97	2934
97	2935
97	2936
97	2937
97	2938
97	2939
97	2940
97	2941
97	2942
97	2943
97	2944
97	2945
97	2946
97	2947
97	2948
97	2949
97	2950
97	2951
97	2952
97	2953
97	2954
97	2955
97	2956
97	2957
97	2958
97	2959
98	2360
98	1885
98	2391
98	1349
98	269
98	1694
98	138
98	756
98	730
98	1859
98	218
98	1851
98	475
98	2566
98	1480
98	735
98	1607
98	703
98	202
98	1732
98	2960
98	2961
98	2962
98	2963
98	2964
98	2965
98	2966
98	2967
98	2968
98	2969
98	2970
98	2971
98	2972
98	2973
98	2974
98	2975
98	2976
98	2977
98	2978
98	2979
98	2980
98	2981
98	2982
98	2983
98	2984
98	2985
98	2986
98	2987
98	2988
98	2989
99	1282
99	1580
99	2397
99	206
99	902
99	1151
99	1842
99	2983
99	2073
99	1743
99	489
99	2782
99	341
99	215
99	40
99	620
99	287
99	1713
99	1521
99	1055
99	2990
99	2991
99	2992
99	2993
99	2994
99	2995
99	2996
99	2997
99	2998
99	2999
99	3000
99	3001
99	3002
99	3003
99	3004
99	3005
99	3006
99	3007
99	3008
99	3009
99	3010
99	3011
99	3012
99	3013
99	3014
99	3015
99	3016
99	3017
99	3018
99	3019
