0	0
1	0
3	0
5	0
6	0
7	0
8	0
9	0
10	0
11	0
12	0
13	0
14	0
15	0
16	0
17	0
18	0
20	0
21	0
22	0
81	0
83	0
84	0
85	0
86	0
87	0
89	0
90	0
91	0
106	0
152	0
156	0
157	0
158	0
159	0
160	0
161	0
163	0
164	0
165	0
166	0
167	0
168	0
169	0
170	0
171	0
172	0
173	0
174	0
175	0
176	0
177	0
178	0
179	0
180	0
181	0
182	0
183	0
184	0
188	0
212	0
213	0
216	0
217	0
218	0
219	0
221	0
222	0
223	0
224	0
225	0
232	0
233	0
234	0
235	0
236	0
237	0
238	0
243	0
295	0
352	0
353	0
354	0
356	0
357	0
372	0
373	0
375	0
376	0
377	0
378	0
379	0
380	0
381	0
382	0
383	0
384	0
385	0
387	0
388	0
390	0
391	0
392	0
393	0
394	0
396	0
397	0
398	0
399	0
400	0
406	0
444	0
488	0
490	0
527	0
528	0
529	0
530	0
531	0
532	0
533	0
534	0
552	0
558	0
579	0
580	0
582	0
584	0
585	0
586	0
587	0
588	0
598	0
625	0
626	0
627	0
628	0
629	0
630	0
631	0
642	0
693	0
742	0
753	0
764	0
782	0
784	0
785	0
786	0
788	0
789	0
790	0
791	0
792	0
793	0
794	0
795	0
796	0
799	0
800	0
801	0
802	0
803	0
804	0
805	0
806	0
830	0
836	0
837	0
838	0
839	0
840	0
841	0
842	0
843	0
845	0
848	0
849	0
850	0
852	0
853	0
854	0
855	0
856	0
857	0
858	0
859	0
860	0
861	0
862	0
863	0
866	0
867	0
868	0
869	0
870	0
871	0
872	0
873	0
892	0
893	0
894	0
895	0
896	0
897	0
898	0
899	0
900	0
901	0
902	0
903	0
904	0
905	0
938	0
996	0
1032	0
1050	0
1056	0
1057	0
1058	0
1059	0
1060	0
1061	0
1063	0
1064	0
1065	0
1066	0
1067	0
1068	0
1069	0
1070	0
1071	0
1073	0
1074	0
1075	0
1076	0
1077	0
1078	0
1089	0
1090	0
1091	0
1092	0
1093	0
1096	0
1097	0
1098	0
1099	0
1100	0
1101	0
1102	0
1103	0
1104	0
1105	0
1106	0
1107	0
1108	0
1109	0
1197	0
1198	0
1199	0
1200	0
1201	0
1202	0
1203	0
1204	0
1205	0
1207	0
1208	0
1209	0
1225	0
1235	0
1249	0
1264	0
1265	0
1266	0
1267	0
1269	0
1270	0
1271	0
1272	0
1273	0
1274	0
1275	0
1276	0
1277	0
1279	0
1280	0
1281	0
1283	0
1284	0
1285	0
1286	0
1287	0
1288	0
1289	0
1290	0
1291	0
1292	0
1293	0
1294	0
1296	0
1297	0
1298	0
1299	0
1300	0
1301	0
1303	0
1304	0
1305	0
1343	0
1358	0
1360	0
1361	0
1362	0
1363	0
1365	0
1367	0
1369	0
1370	0
1371	0
1372	0
1374	0
1375	0
1376	0
1377	0
1378	0
1379	0
1380	0
1381	0
1382	0
1383	0
1384	0
1385	0
1386	0
1387	0
1388	0
1389	0
1391	0
1409	0
1417	0
1425	0
1490	0
1509	0
1543	0
1568	0
1570	0
1571	0
1572	0
1574	0
1575	0
1576	0
1578	0
1579	0
1593	0
1595	0
1596	0
1597	0
1599	0
1600	0
1601	0
1602	0
1603	0
1604	0
1605	0
1606	0
1607	0
1633	0
1635	0
1636	0
1638	0
1639	0
1640	0
1642	0
1643	0
1644	0
1645	0
1647	0
1648	0
1650	0
1651	0
1652	0
1653	0
1654	0
1655	0
1656	0
1657	0
1659	0
1661	0
1662	0
1664	0
1665	0
1666	0
1667	0
1668	0
1669	0
1671	0
1672	0
1673	0
1674	0
1675	0
1676	0
1677	0
1678	0
1679	0
1680	0
1694	0
1715	0
1784	0
1787	0
1788	0
1789	0
1790	0
1791	0
1792	0
1793	0
1794	0
1795	0
1796	0
1798	0
1799	0
1823	0
1824	0
1825	0
1826	0
1827	0
1828	0
1830	0
1832	0
1833	0
1834	0
1835	0
1836	0
1838	0
1839	0
1840	0
1841	0
1842	0
1843	0
1844	0
1846	0
1847	0
1848	0
1849	0
1850	0
1851	0
1852	0
1853	0
1854	0
1855	0
1856	0
1857	0
1858	0
1860	0
1862	0
1863	0
1864	0
1865	0
1866	0
1867	0
1868	0
1870	0
1892	0
1904	0
1915	0
1925	0
1942	0
2027	0
2051	0
2070	0
2071	0
2075	0
2076	0
2081	0
2087	0
2117	0
2118	0
2119	0
2120	0
2121	0
2122	0
2124	0
2125	0
2126	0
2128	0
2129	0
2137	0
2138	0
2139	0
2141	0
2142	0
2143	0
2148	0
2196	0
2215	0
2230	0
2231	0
2233	0
2234	0
2235	0
2236	0
2237	0
2251	0
2264	0
2274	0
2283	0
2287	0
2288	0
2289	0
2290	0
2292	0
2293	0
2294	0
2295	0
2296	0
2297	0
2311	0
2312	0
2313	0
2314	0
2315	0
2316	0
2317	0
2341	0
2444	0
2458	0
2484	0
2489	0
2490	0
2492	0
2494	0
2495	0
2496	0
2497	0
2540	0
2541	0
2542	0
2543	0
2544	0
2545	0
2546	0
2547	0
2549	0
2550	0
2551	0
2552	0
2553	0
2554	0
2555	0
2556	0
2557	0
2558	0
2559	0
2560	0
2561	0
2562	0
2563	0
2564	0
2565	0
2566	0
2567	0
2568	0
2569	0
2570	0
2571	0
2572	0
2573	0
2574	0
2575	0
2576	0
2581	0
2614	0
2634	0
2641	0
2728	0
2739	0
2740	0
2742	0
2743	0
2744	0
2745	0
2746	0
2747	0
2749	0
2750	0
2763	0
2764	0
2765	0
2766	0
2767	0
2768	0
2769	0
2771	0
2778	0
2780	0
2781	0
2782	0
2783	0
2784	0
2785	0
2787	0
2788	0
2789	0
2790	0
2791	0
2792	0
2793	0
2794	0
2796	0
2797	0
2798	0
2799	0
2800	0
2802	0
2803	0
2804	0
2806	0
2807	0
2808	0
2872	0
2909	0
2926	0
2	1
23	1
24	1
25	1
26	1
27	1
28	1
29	1
30	1
31	1
32	1
33	1
34	1
36	1
37	1
38	1
41	1
43	1
44	1
45	1
46	1
47	1
48	1
49	1
52	1
53	1
65	1
185	1
187	1
189	1
190	1
191	1
193	1
194	1
195	1
196	1
198	1
199	1
201	1
202	1
203	1
226	1
227	1
228	1
229	1
231	1
239	1
241	1
242	1
246	1
248	1
249	1
251	1
252	1
253	1
254	1
255	1
256	1
257	1
268	1
273	1
299	1
331	1
343	1
370	1
401	1
402	1
403	1
404	1
405	1
407	1
408	1
409	1
410	1
412	1
413	1
414	1
415	1
417	1
419	1
420	1
421	1
422	1
423	1
424	1
425	1
426	1
427	1
428	1
429	1
430	1
502	1
519	1
535	1
536	1
537	1
538	1
539	1
540	1
541	1
542	1
544	1
546	1
547	1
548	1
549	1
550	1
551	1
554	1
555	1
559	1
560	1
561	1
562	1
563	1
564	1
565	1
566	1
567	1
568	1
569	1
570	1
571	1
572	1
573	1
574	1
575	1
576	1
577	1
578	1
592	1
597	1
599	1
601	1
602	1
604	1
606	1
607	1
608	1
609	1
610	1
611	1
612	1
613	1
614	1
615	1
616	1
618	1
619	1
620	1
621	1
622	1
623	1
624	1
663	1
717	1
747	1
761	1
767	1
778	1
783	1
797	1
807	1
808	1
809	1
810	1
811	1
812	1
813	1
814	1
815	1
816	1
817	1
818	1
819	1
820	1
821	1
822	1
823	1
824	1
825	1
826	1
827	1
844	1
864	1
876	1
877	1
880	1
881	1
882	1
883	1
884	1
885	1
886	1
887	1
889	1
890	1
891	1
979	1
1035	1
1072	1
1079	1
1081	1
1082	1
1083	1
1084	1
1085	1
1086	1
1087	1
1121	1
1122	1
1123	1
1124	1
1125	1
1126	1
1127	1
1128	1
1129	1
1130	1
1131	1
1132	1
1133	1
1135	1
1136	1
1137	1
1138	1
1139	1
1140	1
1141	1
1143	1
1144	1
1215	1
1226	1
1227	1
1250	1
1254	1
1255	1
1256	1
1257	1
1258	1
1259	1
1260	1
1261	1
1263	1
1302	1
1306	1
1307	1
1308	1
1309	1
1311	1
1312	1
1313	1
1314	1
1315	1
1316	1
1317	1
1318	1
1319	1
1321	1
1322	1
1323	1
1324	1
1325	1
1326	1
1327	1
1328	1
1329	1
1331	1
1333	1
1334	1
1335	1
1336	1
1337	1
1338	1
1339	1
1340	1
1341	1
1342	1
1344	1
1345	1
1347	1
1348	1
1349	1
1350	1
1351	1
1352	1
1353	1
1354	1
1356	1
1364	1
1373	1
1393	1
1394	1
1395	1
1396	1
1397	1
1398	1
1399	1
1400	1
1401	1
1402	1
1403	1
1404	1
1405	1
1406	1
1407	1
1408	1
1410	1
1411	1
1413	1
1414	1
1415	1
1416	1
1418	1
1419	1
1420	1
1421	1
1422	1
1423	1
1426	1
1427	1
1428	1
1429	1
1430	1
1501	1
1518	1
1549	1
1573	1
1577	1
1581	1
1582	1
1583	1
1585	1
1586	1
1587	1
1608	1
1609	1
1610	1
1611	1
1612	1
1613	1
1614	1
1615	1
1616	1
1617	1
1618	1
1619	1
1621	1
1622	1
1623	1
1625	1
1626	1
1627	1
1628	1
1629	1
1630	1
1631	1
1632	1
1634	1
1646	1
1649	1
1681	1
1682	1
1683	1
1684	1
1686	1
1687	1
1688	1
1689	1
1690	1
1691	1
1742	1
1748	1
1801	1
1802	1
1803	1
1804	1
1805	1
1806	1
1807	1
1808	1
1809	1
1811	1
1812	1
1813	1
1814	1
1815	1
1816	1
1817	1
1818	1
1819	1
1820	1
1821	1
1822	1
1829	1
1845	1
1869	1
1871	1
1872	1
1873	1
1874	1
1875	1
1876	1
1877	1
1878	1
1879	1
1880	1
1881	1
1882	1
1883	1
1884	1
1885	1
1886	1
1887	1
1888	1
1889	1
1890	1
1891	1
1893	1
1899	1
1910	1
1911	1
1912	1
1913	1
1914	1
1916	1
1918	1
1919	1
1921	1
1960	1
1977	1
2002	1
2034	1
2077	1
2078	1
2079	1
2080	1
2082	1
2083	1
2085	1
2086	1
2089	1
2090	1
2092	1
2093	1
2094	1
2096	1
2097	1
2098	1
2099	1
2100	1
2101	1
2102	1
2103	1
2105	1
2106	1
2107	1
2108	1
2109	1
2110	1
2113	1
2114	1
2115	1
2116	1
2130	1
2131	1
2132	1
2133	1
2134	1
2135	1
2140	1
2145	1
2146	1
2147	1
2149	1
2150	1
2151	1
2152	1
2153	1
2154	1
2155	1
2156	1
2157	1
2158	1
2159	1
2160	1
2161	1
2163	1
2164	1
2172	1
2173	1
2174	1
2175	1
2176	1
2177	1
2179	1
2180	1
2181	1
2186	1
2210	1
2211	1
2213	1
2214	1
2216	1
2217	1
2219	1
2220	1
2221	1
2222	1
2223	1
2224	1
2243	1
2244	1
2246	1
2247	1
2249	1
2250	1
2252	1
2253	1
2254	1
2255	1
2257	1
2258	1
2259	1
2260	1
2261	1
2262	1
2263	1
2265	1
2266	1
2268	1
2270	1
2271	1
2272	1
2273	1
2275	1
2277	1
2278	1
2279	1
2280	1
2281	1
2284	1
2285	1
2298	1
2299	1
2300	1
2301	1
2302	1
2304	1
2307	1
2308	1
2310	1
2396	1
2425	1
2426	1
2428	1
2429	1
2430	1
2434	1
2447	1
2470	1
2498	1
2499	1
2500	1
2501	1
2502	1
2504	1
2506	1
2507	1
2508	1
2509	1
2510	1
2511	1
2512	1
2513	1
2514	1
2515	1
2516	1
2517	1
2518	1
2526	1
2527	1
2528	1
2530	1
2531	1
2533	1
2535	1
2536	1
2537	1
2538	1
2539	1
2577	1
2579	1
2580	1
2582	1
2583	1
2584	1
2585	1
2586	1
2587	1
2588	1
2589	1
2591	1
2594	1
2595	1
2596	1
2597	1
2598	1
2628	1
2664	1
2701	1
2726	1
2733	1
2741	1
2751	1
2752	1
2753	1
2754	1
2755	1
2756	1
2757	1
2758	1
2759	1
2760	1
2761	1
2762	1
2816	1
2820	1
2837	1
2838	1
2839	1
2840	1
2841	1
2842	1
2843	1
2844	1
2845	1
2846	1
2847	1
2848	1
2849	1
2850	1
2851	1
2855	1
2860	1
2933	1
2947	1
35	2
40	2
50	2
54	2
55	2
56	2
88	2
154	2
155	2
245	2
259	2
261	2
262	2
263	2
264	2
265	2
266	2
267	2
269	2
270	2
271	2
272	2
283	2
284	2
285	2
287	2
288	2
289	2
290	2
291	2
292	2
293	2
294	2
296	2
297	2
303	2
319	2
349	2
360	2
361	2
362	2
363	2
364	2
365	2
366	2
368	2
369	2
386	2
418	2
431	2
432	2
433	2
434	2
435	2
436	2
438	2
439	2
440	2
441	2
442	2
443	2
445	2
557	2
591	2
600	2
633	2
634	2
635	2
636	2
637	2
638	2
639	2
640	2
641	2
643	2
644	2
645	2
646	2
647	2
648	2
649	2
650	2
651	2
652	2
653	2
654	2
655	2
656	2
657	2
658	2
659	2
660	2
661	2
662	2
664	2
665	2
667	2
668	2
680	2
682	2
684	2
685	2
686	2
687	2
688	2
689	2
730	2
760	2
774	2
787	2
829	2
847	2
851	2
865	2
875	2
878	2
906	2
907	2
909	2
911	2
912	2
913	2
914	2
915	2
916	2
917	2
918	2
919	2
920	2
922	2
923	2
924	2
925	2
926	2
927	2
928	2
929	2
930	2
931	2
932	2
933	2
934	2
995	2
997	2
998	2
999	2
1000	2
1001	2
1002	2
1003	2
1004	2
1005	2
1006	2
1007	2
1009	2
1018	2
1019	2
1030	2
1036	2
1055	2
1094	2
1110	2
1111	2
1112	2
1113	2
1114	2
1115	2
1116	2
1117	2
1118	2
1119	2
1142	2
1145	2
1146	2
1147	2
1149	2
1150	2
1152	2
1182	2
1262	2
1268	2
1346	2
1432	2
1433	2
1436	2
1437	2
1471	2
1527	2
1552	2
1560	2
1584	2
1670	2
1692	2
1693	2
1695	2
1696	2
1697	2
1698	2
1699	2
1700	2
1701	2
1702	2
1703	2
1704	2
1705	2
1719	2
1720	2
1722	2
1733	2
1736	2
1831	2
1894	2
1923	2
1924	2
1926	2
1927	2
1934	2
2028	2
2046	2
2057	2
2088	2
2104	2
2112	2
2162	2
2167	2
2169	2
2194	2
2198	2
2245	2
2269	2
2276	2
2319	2
2320	2
2321	2
2322	2
2324	2
2327	2
2328	2
2329	2
2330	2
2331	2
2332	2
2333	2
2334	2
2335	2
2337	2
2338	2
2339	2
2340	2
2342	2
2344	2
2345	2
2346	2
2347	2
2348	2
2349	2
2350	2
2351	2
2352	2
2353	2
2354	2
2355	2
2356	2
2357	2
2359	2
2360	2
2362	2
2363	2
2364	2
2365	2
2366	2
2367	2
2369	2
2370	2
2371	2
2372	2
2373	2
2374	2
2375	2
2376	2
2399	2
2427	2
2476	2
2478	2
2479	2
2480	2
2483	2
2485	2
2486	2
2487	2
2488	2
2493	2
2505	2
2578	2
2590	2
2599	2
2600	2
2601	2
2602	2
2603	2
2604	2
2605	2
2606	2
2607	2
2608	2
2609	2
2610	2
2611	2
2612	2
2613	2
2615	2
2616	2
2617	2
2627	2
2630	2
2637	2
2680	2
2721	2
2736	2
2774	2
2779	2
2818	2
2819	2
2821	2
2822	2
2823	2
2824	2
2825	2
2826	2
2827	2
2828	2
2829	2
2833	2
2852	2
2854	2
2856	2
2857	2
2858	2
2859	2
2861	2
2862	2
2863	2
2864	2
2866	2
2867	2
2868	2
2869	2
2870	2
2871	2
2874	2
2876	2
2877	2
2878	2
2879	2
2880	2
2881	2
2882	2
2883	2
2884	2
2885	2
2886	2
2887	2
2888	2
2889	2
2890	2
2891	2
2892	2
2893	2
2894	2
2895	2
2896	2
2897	2
2899	2
2900	2
2901	2
2902	2
2903	2
2904	2
2905	2
4	3
39	3
51	3
57	3
58	3
59	3
60	3
61	3
62	3
63	3
64	3
66	3
67	3
68	3
69	3
70	3
71	3
72	3
73	3
74	3
75	3
76	3
77	3
78	3
79	3
92	3
93	3
94	3
95	3
96	3
97	3
147	3
153	3
162	3
220	3
240	3
250	3
258	3
274	3
275	3
276	3
277	3
278	3
279	3
280	3
281	3
282	3
298	3
300	3
301	3
302	3
306	3
307	3
309	3
310	3
311	3
312	3
313	3
314	3
315	3
316	3
317	3
318	3
320	3
322	3
324	3
325	3
326	3
327	3
328	3
340	3
346	3
358	3
371	3
374	3
395	3
411	3
416	3
437	3
446	3
447	3
448	3
449	3
450	3
451	3
452	3
453	3
454	3
455	3
456	3
457	3
458	3
459	3
460	3
461	3
462	3
464	3
465	3
466	3
467	3
468	3
469	3
470	3
471	3
472	3
473	3
474	3
475	3
476	3
477	3
479	3
480	3
553	3
556	3
603	3
632	3
666	3
683	3
690	3
691	3
692	3
694	3
695	3
696	3
697	3
699	3
700	3
701	3
702	3
703	3
704	3
705	3
706	3
707	3
708	3
709	3
710	3
711	3
712	3
713	3
714	3
716	3
718	3
719	3
720	3
721	3
722	3
723	3
741	3
748	3
762	3
798	3
831	3
832	3
833	3
834	3
835	3
874	3
879	3
888	3
936	3
937	3
939	3
940	3
941	3
942	3
943	3
944	3
945	3
946	3
947	3
948	3
949	3
950	3
951	3
952	3
953	3
955	3
1012	3
1027	3
1039	3
1088	3
1148	3
1151	3
1153	3
1154	3
1155	3
1156	3
1157	3
1159	3
1160	3
1161	3
1162	3
1163	3
1164	3
1165	3
1166	3
1167	3
1168	3
1169	3
1170	3
1183	3
1186	3
1206	3
1242	3
1278	3
1295	3
1330	3
1359	3
1368	3
1390	3
1431	3
1438	3
1439	3
1440	3
1441	3
1442	3
1443	3
1444	3
1445	3
1446	3
1447	3
1448	3
1449	3
1450	3
1451	3
1452	3
1453	3
1454	3
1455	3
1456	3
1457	3
1458	3
1459	3
1460	3
1461	3
1462	3
1463	3
1464	3
1465	3
1466	3
1467	3
1468	3
1469	3
1470	3
1472	3
1473	3
1474	3
1475	3
1476	3
1477	3
1479	3
1580	3
1588	3
1589	3
1590	3
1591	3
1592	3
1624	3
1658	3
1685	3
1714	3
1716	3
1717	3
1718	3
1721	3
1723	3
1724	3
1725	3
1726	3
1727	3
1728	3
1729	3
1730	3
1731	3
1732	3
1734	3
1735	3
1738	3
1739	3
1740	3
1741	3
1743	3
1744	3
1745	3
1747	3
1769	3
1770	3
1800	3
1810	3
1859	3
1861	3
1898	3
1917	3
1922	3
1928	3
1929	3
1930	3
1931	3
1932	3
1935	3
1936	3
1937	3
1938	3
1939	3
1940	3
1941	3
1943	3
1944	3
1945	3
1946	3
1947	3
1948	3
1949	3
1950	3
1951	3
1952	3
1953	3
1954	3
1955	3
1956	3
1957	3
1958	3
1959	3
1961	3
1962	3
1963	3
1964	3
1965	3
1966	3
1967	3
1968	3
1969	3
1970	3
1971	3
1972	3
1973	3
1974	3
1975	3
1976	3
1978	3
1979	3
1980	3
1981	3
2005	3
2006	3
2007	3
2008	3
2009	3
2010	3
2011	3
2013	3
2014	3
2068	3
2072	3
2136	3
2165	3
2166	3
2171	3
2182	3
2183	3
2184	3
2185	3
2187	3
2205	3
2218	3
2225	3
2267	3
2303	3
2306	3
2309	3
2318	3
2377	3
2378	3
2379	3
2380	3
2381	3
2382	3
2383	3
2384	3
2385	3
2386	3
2387	3
2388	3
2389	3
2391	3
2392	3
2393	3
2408	3
2419	3
2481	3
2482	3
2519	3
2520	3
2522	3
2523	3
2524	3
2525	3
2592	3
2618	3
2619	3
2620	3
2621	3
2622	3
2623	3
2624	3
2626	3
2629	3
2632	3
2633	3
2635	3
2636	3
2638	3
2639	3
2640	3
2642	3
2643	3
2644	3
2645	3
2646	3
2647	3
2648	3
2649	3
2698	3
2705	3
2772	3
2795	3
2801	3
2805	3
2813	3
2815	3
2865	3
2875	3
2898	3
2906	3
2907	3
2908	3
2910	3
2911	3
2913	3
2914	3
2915	3
2916	3
2918	3
2919	3
2920	3
2921	3
2922	3
2923	3
2924	3
2925	3
2927	3
2928	3
2929	3
2930	3
2931	3
2932	3
2935	3
2936	3
2937	3
2944	3
2949	3
2950	3
2951	3
2952	3
2953	3
2954	3
2955	3
2956	3
2957	3
2958	3
2959	3
2960	3
2961	3
19	4
80	4
82	4
98	4
99	4
100	4
101	4
102	4
103	4
104	4
107	4
108	4
109	4
110	4
111	4
112	4
113	4
114	4
115	4
116	4
117	4
118	4
119	4
120	4
137	4
186	4
214	4
244	4
323	4
329	4
330	4
332	4
333	4
334	4
335	4
336	4
337	4
338	4
339	4
341	4
342	4
344	4
345	4
359	4
463	4
481	4
482	4
483	4
484	4
485	4
486	4
487	4
489	4
491	4
589	4
605	4
678	4
698	4
724	4
725	4
726	4
728	4
729	4
731	4
732	4
733	4
734	4
735	4
736	4
737	4
738	4
739	4
743	4
744	4
745	4
746	4
749	4
750	4
751	4
752	4
755	4
756	4
757	4
758	4
759	4
763	4
765	4
766	4
828	4
846	4
908	4
921	4
935	4
954	4
964	4
965	4
966	4
967	4
968	4
969	4
970	4
971	4
972	4
973	4
974	4
975	4
976	4
977	4
978	4
980	4
981	4
982	4
983	4
984	4
985	4
986	4
987	4
988	4
989	4
990	4
991	4
992	4
993	4
994	4
1008	4
1010	4
1011	4
1013	4
1014	4
1015	4
1016	4
1017	4
1049	4
1062	4
1095	4
1158	4
1171	4
1172	4
1173	4
1175	4
1176	4
1177	4
1178	4
1179	4
1180	4
1181	4
1184	4
1185	4
1187	4
1189	4
1190	4
1191	4
1192	4
1193	4
1194	4
1196	4
1282	4
1310	4
1332	4
1355	4
1357	4
1478	4
1480	4
1481	4
1482	4
1484	4
1485	4
1486	4
1487	4
1488	4
1489	4
1491	4
1492	4
1493	4
1494	4
1495	4
1496	4
1498	4
1499	4
1500	4
1502	4
1503	4
1505	4
1506	4
1507	4
1508	4
1510	4
1511	4
1512	4
1513	4
1514	4
1515	4
1516	4
1517	4
1519	4
1565	4
1569	4
1641	4
1660	4
1749	4
1750	4
1751	4
1752	4
1753	4
1754	4
1755	4
1756	4
1757	4
1758	4
1759	4
1760	4
1761	4
1762	4
1763	4
1764	4
1765	4
1766	4
1767	4
1768	4
1782	4
1785	4
1797	4
1909	4
1920	4
1933	4
1982	4
1983	4
1984	4
1985	4
1986	4
1987	4
1988	4
1989	4
1990	4
1991	4
1992	4
1993	4
1994	4
1995	4
1996	4
1997	4
1998	4
2000	4
2001	4
2003	4
2004	4
2015	4
2016	4
2017	4
2018	4
2019	4
2020	4
2021	4
2022	4
2023	4
2024	4
2025	4
2026	4
2029	4
2030	4
2031	4
2032	4
2033	4
2038	4
2048	4
2049	4
2091	4
2111	4
2123	4
2144	4
2170	4
2178	4
2188	4
2189	4
2190	4
2191	4
2192	4
2193	4
2195	4
2197	4
2232	4
2238	4
2239	4
2240	4
2241	4
2242	4
2256	4
2286	4
2291	4
2358	4
2361	4
2394	4
2395	4
2397	4
2398	4
2401	4
2402	4
2403	4
2404	4
2405	4
2406	4
2407	4
2410	4
2411	4
2412	4
2413	4
2414	4
2415	4
2416	4
2417	4
2418	4
2420	4
2421	4
2422	4
2423	4
2424	4
2431	4
2432	4
2433	4
2436	4
2437	4
2438	4
2439	4
2440	4
2441	4
2442	4
2443	4
2457	4
2477	4
2529	4
2532	4
2625	4
2662	4
2663	4
2666	4
2667	4
2668	4
2669	4
2670	4
2671	4
2672	4
2673	4
2674	4
2675	4
2676	4
2677	4
2678	4
2679	4
2681	4
2682	4
2683	4
2684	4
2685	4
2686	4
2687	4
2688	4
2720	4
2770	4
2773	4
2775	4
2776	4
2777	4
2786	4
2835	4
2853	4
2934	4
2938	4
2939	4
2940	4
2941	4
2942	4
2943	4
2945	4
2946	4
2948	4
42	5
105	5
121	5
122	5
123	5
124	5
125	5
126	5
127	5
128	5
129	5
130	5
131	5
132	5
133	5
134	5
135	5
136	5
138	5
139	5
140	5
141	5
142	5
143	5
144	5
145	5
146	5
148	5
149	5
150	5
151	5
192	5
197	5
200	5
204	5
205	5
206	5
207	5
208	5
209	5
210	5
211	5
215	5
230	5
247	5
260	5
286	5
304	5
305	5
308	5
321	5
347	5
348	5
350	5
351	5
355	5
367	5
389	5
478	5
492	5
493	5
494	5
495	5
496	5
497	5
498	5
499	5
500	5
501	5
503	5
504	5
505	5
506	5
507	5
508	5
509	5
510	5
511	5
512	5
513	5
514	5
515	5
516	5
517	5
518	5
520	5
521	5
522	5
523	5
524	5
525	5
526	5
543	5
545	5
581	5
583	5
590	5
593	5
594	5
595	5
596	5
617	5
669	5
670	5
671	5
672	5
673	5
674	5
675	5
676	5
677	5
679	5
681	5
715	5
727	5
740	5
754	5
768	5
769	5
770	5
771	5
772	5
773	5
775	5
776	5
777	5
779	5
780	5
781	5
910	5
956	5
957	5
958	5
959	5
960	5
961	5
962	5
963	5
1020	5
1021	5
1022	5
1023	5
1024	5
1025	5
1026	5
1028	5
1029	5
1031	5
1033	5
1034	5
1037	5
1038	5
1040	5
1041	5
1042	5
1043	5
1044	5
1045	5
1046	5
1047	5
1048	5
1051	5
1052	5
1053	5
1054	5
1080	5
1120	5
1134	5
1174	5
1188	5
1195	5
1210	5
1211	5
1212	5
1213	5
1214	5
1216	5
1217	5
1218	5
1219	5
1220	5
1221	5
1222	5
1223	5
1224	5
1228	5
1229	5
1230	5
1231	5
1232	5
1233	5
1234	5
1236	5
1237	5
1238	5
1239	5
1240	5
1241	5
1243	5
1244	5
1245	5
1246	5
1247	5
1248	5
1251	5
1252	5
1253	5
1320	5
1366	5
1392	5
1412	5
1424	5
1434	5
1435	5
1483	5
1497	5
1504	5
1520	5
1521	5
1522	5
1523	5
1524	5
1525	5
1526	5
1528	5
1529	5
1530	5
1531	5
1532	5
1533	5
1534	5
1535	5
1536	5
1537	5
1538	5
1539	5
1540	5
1541	5
1542	5
1544	5
1545	5
1546	5
1547	5
1548	5
1550	5
1551	5
1553	5
1554	5
1555	5
1556	5
1557	5
1558	5
1559	5
1561	5
1562	5
1563	5
1564	5
1566	5
1567	5
1594	5
1598	5
1620	5
1637	5
1663	5
1706	5
1707	5
1708	5
1709	5
1710	5
1711	5
1712	5
1713	5
1737	5
1746	5
1771	5
1772	5
1773	5
1774	5
1775	5
1776	5
1777	5
1778	5
1779	5
1780	5
1781	5
1783	5
1786	5
1837	5
1895	5
1896	5
1897	5
1900	5
1901	5
1902	5
1903	5
1905	5
1906	5
1907	5
1908	5
1999	5
2012	5
2035	5
2036	5
2037	5
2039	5
2040	5
2041	5
2042	5
2043	5
2044	5
2045	5
2047	5
2050	5
2052	5
2053	5
2054	5
2055	5
2056	5
2058	5
2059	5
2060	5
2061	5
2062	5
2063	5
2064	5
2065	5
2066	5
2067	5
2069	5
2073	5
2074	5
2084	5
2095	5
2127	5
2168	5
2199	5
2200	5
2201	5
2202	5
2203	5
2204	5
2206	5
2207	5
2208	5
2209	5
2212	5
2226	5
2227	5
2228	5
2229	5
2248	5
2282	5
2305	5
2323	5
2325	5
2326	5
2336	5
2343	5
2368	5
2390	5
2400	5
2409	5
2435	5
2445	5
2446	5
2448	5
2449	5
2450	5
2451	5
2452	5
2453	5
2454	5
2455	5
2456	5
2459	5
2460	5
2461	5
2462	5
2463	5
2464	5
2465	5
2466	5
2467	5
2468	5
2469	5
2471	5
2472	5
2473	5
2474	5
2475	5
2491	5
2503	5
2521	5
2534	5
2548	5
2593	5
2631	5
2650	5
2651	5
2652	5
2653	5
2654	5
2655	5
2656	5
2657	5
2658	5
2659	5
2660	5
2661	5
2665	5
2689	5
2690	5
2691	5
2692	5
2693	5
2694	5
2695	5
2696	5
2697	5
2699	5
2700	5
2702	5
2703	5
2704	5
2706	5
2707	5
2708	5
2709	5
2710	5
2711	5
2712	5
2713	5
2714	5
2715	5
2716	5
2717	5
2718	5
2719	5
2722	5
2723	5
2724	5
2725	5
2727	5
2729	5
2730	5
2731	5
2732	5
2734	5
2735	5
2737	5
2738	5
2748	5
2809	5
2810	5
2811	5
2812	5
2814	5
2817	5
2830	5
2831	5
2832	5
2834	5
2836	5
2873	5
2912	5
2917	5
