0	40,4,15,20,30,16,45,35,39,12,38,36,27,25,37,23,28,29,24,0,5,11,22,18,17,43,8,10,34,21,3,19,44,32,46,13,2,26,1,41,6,33,31,7,9,47,14,42,
1	51,58,50,12,48,25,64,56,52,59,54,63,14,53,43,61,9,6,49,66,27,60,20,62,55,57,65,
2	25,51,88,33,85,95,72,73,93,92,87,67,77,19,86,22,83,79,75,69,97,82,4,44,68,74,70,47,76,89,20,98,78,81,1,94,52,91,7,99,80,35,96,40,84,71,90,
3	110,71,105,26,112,44,108,115,51,97,103,100,107,104,111,109,113,114,46,102,106,101,
4	99,134,136,34,129,127,137,40,131,120,121,124,118,128,95,125,35,135,122,52,69,119,132,126,116,133,130,115,123,114,117,
5	51,84,139,85,138,151,32,141,142,34,149,152,144,143,150,147,140,6,146,153,148,145,
6	167,154,160,113,181,184,22,170,6,172,103,165,125,173,76,176,157,27,174,166,164,120,87,179,168,180,182,169,161,162,171,158,178,159,109,20,177,32,155,163,183,156,175,
7	188,205,152,192,1,207,206,189,195,196,6,203,194,190,197,199,198,210,141,187,201,169,202,42,204,193,208,157,186,53,191,209,185,24,107,200,
8	219,211,217,220,179,227,218,215,144,226,221,225,222,57,213,209,214,212,141,224,223,180,37,216,
9	237,243,248,230,175,165,132,241,247,239,231,139,246,233,236,245,16,137,229,244,240,232,238,66,32,242,228,183,235,234,
10	254,190,215,251,261,269,263,249,227,250,241,267,257,264,258,252,255,268,256,161,259,231,91,253,262,89,265,260,160,266,
11	218,283,280,290,300,272,195,273,281,182,285,160,270,135,296,120,293,292,297,286,282,295,109,271,32,289,284,277,287,249,278,279,80,298,288,301,102,291,275,262,302,276,196,299,274,294,
12	41,323,328,305,308,327,195,322,288,321,247,315,128,313,39,310,329,165,147,311,325,319,317,320,314,303,316,211,318,309,312,307,258,119,304,326,324,306,
13	342,345,346,347,330,155,80,332,336,337,335,340,142,333,331,192,339,344,83,316,334,348,338,71,343,194,341,
14	360,377,361,157,355,349,362,375,284,371,354,367,93,358,51,357,106,223,351,119,366,369,370,91,374,350,283,277,372,365,373,363,352,364,353,166,356,359,376,81,368,
15	395,397,389,379,383,386,381,378,285,44,380,388,194,385,400,403,169,387,402,384,382,394,390,405,10,404,347,396,322,39,279,393,398,399,401,240,391,392,101,
16	337,421,411,402,420,104,422,417,414,407,408,412,406,416,23,423,409,413,418,410,419,415,405,324,349,
17	323,255,318,426,329,430,437,451,453,46,455,443,445,204,438,428,436,429,447,454,444,172,354,433,434,450,435,456,427,439,442,167,449,103,448,398,431,121,409,432,446,440,441,424,425,452,
18	464,444,472,175,487,489,470,476,458,459,477,273,462,466,460,475,461,467,87,480,401,471,386,486,485,469,473,91,457,468,490,488,479,463,256,262,483,269,60,484,73,465,474,481,456,478,42,482,
19	480,499,492,64,501,496,493,503,495,231,507,502,506,497,491,505,494,508,135,498,377,509,500,504,243,294,
20	511,523,510,68,473,514,39,531,520,524,527,169,513,518,532,516,525,533,358,515,299,526,517,521,512,293,107,494,530,522,519,529,528,
21	271,554,537,555,322,563,249,539,560,566,534,24,568,549,558,540,545,536,556,329,232,541,561,544,535,552,103,551,542,454,431,108,562,564,368,548,435,557,550,559,547,323,543,546,146,565,538,553,567,
22	580,587,585,571,591,231,341,574,576,582,584,509,169,575,577,213,569,583,91,590,505,485,131,593,586,589,570,578,572,573,581,347,579,588,592,
23	163,461,607,610,596,602,345,597,601,606,94,609,603,604,608,598,605,91,595,600,594,243,599,
24	480,620,613,339,169,614,622,619,624,615,157,623,633,628,533,617,616,629,625,631,621,316,612,632,261,634,446,611,630,618,626,78,627,
25	240,635,655,665,642,641,661,658,578,218,650,367,651,660,647,516,644,359,586,648,645,636,638,654,653,656,46,102,664,133,42,663,639,662,649,659,637,643,657,652,456,246,646,640,
26	470,692,689,693,668,677,678,672,673,201,688,318,408,467,685,675,676,684,86,686,670,10,48,682,423,679,691,338,680,683,687,368,667,674,690,30,681,671,666,669,
27	702,481,706,698,528,254,701,700,705,704,29,703,707,696,469,422,694,697,695,699,
28	714,721,232,498,720,712,726,724,715,725,718,483,579,330,713,710,719,708,711,716,709,717,663,226,723,722,
29	732,733,728,739,738,506,182,730,727,465,740,593,735,78,741,736,731,737,234,734,729,
30	763,758,749,747,752,83,765,761,750,114,453,742,242,743,757,760,756,754,762,759,733,753,311,572,339,748,751,755,746,694,764,745,265,744,
31	775,783,618,776,770,777,768,769,767,432,786,728,497,774,772,788,157,416,784,238,742,778,782,787,187,766,779,789,773,771,785,186,781,780,
32	795,592,790,796,811,803,802,808,791,801,107,792,806,798,318,603,6,797,800,812,793,810,805,804,807,809,813,429,685,73,794,782,799,
33	475,822,828,814,823,38,718,821,825,820,818,403,824,592,831,816,832,400,830,833,483,827,826,834,819,817,829,460,815,184,
34	844,843,848,865,860,863,836,839,649,856,841,118,850,595,837,849,757,859,853,854,851,846,194,482,861,758,840,842,855,858,346,852,467,866,241,625,835,857,864,847,838,845,862,454,496,
35	876,889,877,873,870,649,867,875,891,883,386,886,885,892,611,878,879,882,871,888,788,864,636,881,884,869,887,868,874,328,880,872,343,331,778,890,
36	913,650,893,915,537,321,904,914,912,905,920,910,901,250,429,917,722,916,862,902,908,895,894,903,280,896,346,911,909,899,897,735,613,918,919,907,906,900,898,
37	180,926,939,934,940,932,827,931,927,935,930,171,668,941,925,191,482,933,944,942,922,937,943,921,936,299,923,928,478,938,929,526,3,924,
38	962,709,952,951,947,949,463,956,491,945,953,416,955,948,946,964,484,511,960,950,578,961,954,963,16,959,957,958,
39	986,979,984,353,983,183,992,577,177,974,438,40,989,980,969,785,993,982,972,970,67,990,966,976,988,985,967,968,978,927,991,965,199,268,987,981,91,973,977,971,975,
40	995,684,999,1001,858,1007,279,28,1010,997,994,1005,16,1004,1009,1000,1006,493,1002,996,576,1003,1008,998,
41	1027,1011,46,1021,1029,1019,1016,1023,1017,144,1035,1034,561,401,1012,1038,1032,1022,1028,1015,830,1024,1031,117,1025,1030,1020,1014,1018,897,1013,1026,456,619,1036,1033,1039,297,453,1037,837,
42	1061,17,1054,1040,1068,27,1056,1050,1064,1001,1042,1053,987,712,1052,1057,196,1059,1065,1058,1000,60,1070,1067,1005,133,1044,1062,1047,1071,1066,1046,850,1048,1063,145,1043,1041,1049,1055,759,1045,1060,1069,1051,277,1072,
43	1075,1086,1089,884,1079,1073,1088,1077,904,562,1082,1081,1084,1087,1083,32,1085,1080,1076,1078,604,1074,915,
44	130,1102,1107,820,1092,1108,1090,49,1100,593,1103,1098,1105,544,1099,1094,1104,1095,226,1093,433,1106,1096,1101,1097,312,1091,
45	770,177,1113,1110,68,1124,1115,475,1112,1120,1123,1121,1119,1114,1122,1116,1109,1118,1117,1111,250,139,
46	160,1147,744,1129,1138,1139,1133,1145,1143,1150,719,1127,542,345,1136,1126,1135,836,1144,1148,1132,1146,119,1142,1131,1141,1149,1125,1130,549,1137,1134,225,228,1128,1140,
47	1155,1158,538,1172,1157,1156,1164,1162,1165,847,1170,1169,1159,1152,1163,1171,1167,836,1166,217,1151,1168,693,274,1160,1031,1161,671,1153,1154,662,
48	781,1092,1200,1194,1191,1189,1174,1024,107,968,1198,1173,626,1197,1186,1192,221,1203,52,206,348,1199,1201,1193,1188,1180,1184,1185,710,1183,1202,1178,1181,1177,965,1190,1196,971,1179,1175,1195,1187,1176,1182,
49	723,1207,434,1208,814,1217,1063,1222,402,1209,1229,1231,1221,1205,14,1223,567,1230,1024,1218,1214,1215,1227,1211,1232,1213,1210,1225,1220,1224,739,1219,1228,55,1226,1182,1204,1212,640,1216,1206,
50	1247,723,968,169,862,1250,1235,49,1234,1240,812,1244,1246,1233,1243,1241,587,1242,1238,1249,1237,1248,1245,1239,1236,
51	1254,394,633,1275,1273,1274,1237,1277,595,1249,19,1259,1022,1278,1251,1279,40,1280,131,137,1255,1257,1276,1266,1281,1283,1269,1272,1264,1253,1268,1271,1252,1261,1265,1267,1262,1270,1282,1263,1260,639,1256,47,1258,699,
52	1292,1293,1204,1294,1291,1295,1286,1289,995,1061,1285,1290,1288,1284,731,40,1296,1287,1297,547,
53	841,1300,1315,639,1033,1308,1301,1317,1004,1314,1303,1309,105,1307,862,1312,545,1313,1298,1299,1311,1305,1304,1310,1302,1306,1079,1316,
54	1344,1332,1341,1329,1322,1319,557,1324,1323,21,1342,1348,338,1339,1320,1347,898,263,1345,197,1349,827,1333,1336,1334,1327,1321,300,1298,1340,1326,1335,1343,1350,618,1061,1337,1325,1346,810,1331,1338,1318,1328,1330,648,
55	1081,1244,1363,1358,1360,1351,1352,1359,1362,1364,1357,1355,1365,1366,582,131,1370,1356,1361,1354,1227,1353,1371,1368,548,672,1367,1369,115,
56	1381,815,1378,1373,1374,403,1028,1382,1376,1385,468,1375,1377,1372,1383,1384,204,1379,799,1380,
57	1398,1397,534,1396,1402,1400,1391,1401,1389,1179,1394,1387,1395,1392,1399,1390,1393,1386,424,734,908,1377,1388,
58	1426,60,1406,1427,1246,1408,1412,1410,567,1425,1413,1418,1422,1416,936,1430,1411,1419,1262,1423,1403,345,1415,1429,1409,1029,743,1421,61,1428,1414,1420,1417,1407,265,1424,1404,1405,7,
59	1136,1432,1434,1441,1444,1019,823,1438,1442,1433,1440,941,1436,366,1443,1439,1437,1431,1435,125,
60	539,1457,1245,1243,1447,1448,1459,1451,917,844,808,1452,1455,1458,1466,1446,1445,1450,1465,1464,1460,1461,1462,1463,1454,1449,1456,1394,1453,793,924,
61	1474,1487,1485,1482,1469,1188,1476,1492,1484,1477,642,1468,757,21,1478,1480,1467,1473,1470,1489,1471,1122,1472,818,1490,1486,1175,1483,228,1475,1488,979,1203,1481,1491,1479,1296,1493,
62	1516,1504,1514,1503,204,1497,1496,1506,235,1510,1511,908,1501,1495,839,1515,1509,1500,1499,1519,1517,1505,1513,1518,533,1508,1507,1171,1442,1494,478,1512,1498,515,234,1502,284,
63	1539,1545,1033,1527,1541,528,1540,1523,228,1534,1521,1525,1154,1239,592,1536,1520,1538,1531,891,1543,1111,1526,1537,1528,1522,1533,1544,1542,1524,1532,1535,338,1530,1458,1007,1529,
64	594,1551,1553,53,1552,1556,1548,1557,1563,1561,1560,1550,1554,750,1546,27,1549,865,592,1562,1547,1555,1558,1501,1564,1559,753,
65	1589,941,1571,743,1568,1584,1592,840,746,1576,907,1565,1202,1586,1570,1567,1591,1587,1454,1572,1578,1582,1583,1581,1577,1566,1573,438,1574,1588,1590,1575,1585,1579,1045,1580,1569,1516,653,
66	517,642,1605,1611,1608,1607,1599,1422,1600,1612,1603,1610,1596,1609,168,1613,1597,1606,1604,1601,997,1230,1595,1593,152,1602,1594,911,1598,
67	647,839,891,1626,867,1614,1627,1622,1616,1000,1620,1629,1631,1615,1042,1630,1621,627,1617,1624,1623,1625,1628,1619,1618,
68	1632,1652,1634,1029,1644,1638,1651,737,1647,1649,1643,1633,1636,1116,1637,1650,1655,21,1645,1640,1244,1067,29,1639,475,1654,1635,934,1074,1642,1653,1648,1641,1646,
69	1657,1144,1669,1085,1521,239,1664,1656,184,1661,1671,1658,1355,1670,1662,1668,1673,1663,1667,1674,1660,1672,1666,283,1665,1659,
70	1687,809,1702,601,555,1693,1682,1705,1706,1686,1688,1303,1695,1681,1678,1694,734,1701,1703,1685,344,1699,389,1707,1704,1680,1208,1684,1676,1697,1698,1689,1692,1683,1048,148,1677,1679,1700,438,1675,1690,1619,1696,227,1691,
71	1207,1729,1727,1715,1717,1711,1709,1716,1719,1731,1735,1730,501,784,128,1713,852,1141,1710,1714,1724,1708,1243,1721,1733,94,1732,999,1726,1049,1734,1722,1712,1247,1718,753,1720,1723,1728,1725,
72	1736,1738,1739,1748,1150,528,887,1741,1746,1760,1758,1743,809,1585,1745,1737,1267,1754,1761,1762,1544,1753,557,1755,1759,1744,1441,1164,1756,517,1749,1747,1750,1740,1757,1742,1752,1751,
73	1775,1772,1748,1773,1723,1015,1780,1151,505,1781,1770,1784,1778,1785,1774,1763,1565,1477,1764,1765,1779,1004,1769,1771,1768,1777,1065,1766,1783,1767,1786,1782,1776,
74	1793,1747,1807,1801,1792,577,1787,1799,1794,1433,1797,1791,1023,1803,1805,1798,47,1790,1796,1802,1685,1789,615,1809,1795,1810,1615,1808,1804,1806,1788,1702,1800,
75	1825,799,1813,1828,964,856,1811,1822,160,1814,1830,1816,1629,1817,1826,1815,1819,1827,1818,59,1820,71,1821,1562,1829,1812,1823,1824,
76	1390,1831,1837,1842,1843,611,1836,1834,1845,1846,1835,1133,1844,1838,1840,1847,639,119,1839,349,1833,1841,1832,
77	1865,1855,353,1643,1852,1858,1859,1868,1869,1867,1862,1848,1864,1866,1870,597,1860,1853,1871,1861,1863,1857,287,1339,1854,1688,753,1850,1849,1856,1851,337,1815,
78	1887,1884,1882,1886,1876,1883,1877,1875,1643,1879,1795,330,1888,1874,962,861,1872,1218,1880,1881,1885,193,1878,1873,
79	1376,1896,1214,1891,1902,1904,1903,1915,1893,1554,1899,1892,1897,1847,1911,1901,1910,1914,1909,1917,1889,191,1890,928,1919,1907,939,1913,1916,366,1895,1898,1894,1912,1921,1920,337,616,700,1727,1905,1908,1900,1088,1918,1906,980,
80	1923,1922,1550,1927,576,1940,1936,1926,1934,1932,1924,931,1933,1925,1695,416,1930,1937,1929,291,1938,1931,1841,1939,1935,1928,
81	1074,1942,1007,1687,1946,1955,1950,47,1748,1330,1949,1941,429,1964,858,1952,1948,348,1956,281,1958,1957,1965,1943,1947,1962,1814,1960,1959,1951,1945,1961,1966,1953,1944,1963,1954,
82	990,1981,1975,1978,1063,1991,1990,1983,1977,1976,1974,1971,1980,1979,1984,851,398,124,1973,1986,1937,1968,1982,1988,1383,1972,1970,543,1989,1985,1969,1987,1774,707,1967,
83	2016,985,1345,2009,814,458,2000,2006,1996,1995,1637,2005,1997,2014,528,1994,2015,2022,2020,1992,2002,2001,2012,1407,2013,1993,2019,2021,2008,1990,1998,1520,1416,1243,341,2007,356,2003,2011,2018,1999,2004,2017,2010,
84	2029,2030,2028,2037,2039,2023,513,2041,1183,1533,978,1412,2031,2025,6,1125,2024,997,2026,2027,2033,2036,2035,2034,2038,2040,2032,
85	2056,2045,1359,2052,551,2057,2042,2048,2047,2049,2050,2053,1758,2054,2046,2051,686,2043,654,2055,2044,1036,
86	2080,779,2077,2068,2067,2066,1984,2073,2074,2076,2069,2065,2062,1638,2059,1423,2058,2079,63,2078,916,2081,2075,2061,2064,2072,2071,2060,2063,1191,1814,1203,2070,
87	2092,2084,846,2089,1725,2086,1424,2093,2094,2082,2090,2085,2088,2095,2087,464,2091,249,32,2083,
88	1664,2125,2110,2107,2118,2098,860,2122,2120,1251,1709,2126,2096,2112,2113,2108,2106,201,2111,1854,2101,2103,1829,2114,2124,2097,2115,2100,1365,2102,2047,2117,2121,2099,927,382,2119,2123,682,2104,2109,2105,2116,
89	2131,2138,2132,2136,866,719,2141,2137,2149,2142,1765,2127,2133,2145,2139,2146,1630,1137,2128,2135,2148,2152,2153,2144,2140,825,2143,2134,1987,1282,1447,2150,2151,2059,1906,2129,2154,2147,2130,
90	2166,2164,2162,2159,2160,2155,1301,1629,2165,2170,2157,2172,1513,2036,2171,398,2169,2167,2163,2055,2161,2168,2173,2070,2158,1603,2156,
91	2184,549,2182,1681,2200,2179,2193,1544,398,101,1601,2199,2175,584,2192,2190,2177,2195,2186,2197,1534,2198,2180,2191,2188,2189,1157,2194,922,2181,2176,2183,2178,459,2187,2174,2185,2196,
92	2224,2203,245,2205,2213,2217,1387,2222,565,2218,2206,2202,2215,2201,2220,949,1520,2209,2204,2207,280,1483,355,2214,2221,285,1832,2231,2216,2219,2210,2208,675,2226,2212,2228,2230,2223,2211,2227,372,2229,2225,
93	2255,1548,2129,71,2240,2238,2234,2242,2257,2259,2232,2051,2244,2233,1642,2245,2260,2250,2247,315,2239,1916,2235,2236,2249,2256,2241,9,2258,2254,2246,129,2248,2262,2252,2243,2251,202,589,676,2253,2161,2261,2237,
94	2296,166,2281,2270,2268,2264,2288,2273,2265,2284,2294,1246,611,2278,2289,1281,2279,2291,2121,1733,951,1318,1742,2263,2295,2292,2266,745,2276,464,2267,2277,2272,2285,561,2282,1575,2275,2286,563,2293,2274,2271,2280,2269,2290,2283,2287,
95	566,2299,2300,2302,2307,2306,1953,1736,2298,2308,2297,2311,2305,2310,1537,1970,2309,2303,25,2301,2304,
96	2332,1749,2315,2333,2317,2328,2340,2326,2331,1766,2325,2327,2329,132,2339,2313,2330,245,2336,2338,2334,2335,786,2318,2320,2314,2312,2337,2092,2316,2324,1611,2322,1496,75,2321,2319,1937,2323,25,308,
97	2361,2349,1899,2357,2363,2369,2364,2365,2354,2359,1992,2346,2350,2370,2372,2345,2173,2352,2351,2367,2344,2198,1122,2353,2343,1524,1282,2348,2355,23,1142,465,2366,2358,2191,2356,1517,2342,2360,825,2347,2368,2362,2371,2341,
98	641,2388,2391,2396,1111,2403,2387,2390,562,2380,2377,720,2379,1318,535,1969,2392,2383,2378,2381,2400,2399,2395,2402,2398,1039,1692,2382,2373,303,1936,2276,1835,2394,2389,2385,2401,2397,2374,2393,2384,2386,2375,2376,
99	2409,2029,2418,2411,1765,2408,2404,2421,2414,2413,1105,2419,2407,2405,2417,2410,216,2422,589,2420,2415,640,2412,40,1240,2416,2406,
